<?xml version="1.0"?>
<opencv_storage>
<graph_buffer type_id="opencv-matrix">
  <rows>2000</rows>
  <cols>2</cols>
  <dt>f</dt>
  <data>
    2.05246078e+02 2.03199692e+02 1.79195496e+02 1.92328644e+02
    1.52052887e+02 1.73202377e+02 1.43697495e+02 1.64699509e+02
    1.43967377e+02 2.09560211e+02 1.35022232e+02 2.30263702e+02
    1.30847778e+02 2.18453293e+02 1.35506348e+02 1.94585754e+02
    1.31276428e+02 1.65699554e+02 1.43031036e+02 1.49186844e+02
    1.50611267e+02 1.43823547e+02 1.49777802e+02 1.34490891e+02
    1.41949692e+02 1.29705780e+02 1.26734299e+02 1.32168442e+02
    1.15634521e+02 1.23795959e+02 9.63316422e+01 1.19505455e+02
    8.77297592e+01 1.14526344e+02 8.55394516e+01 1.09919853e+02
    8.26743088e+01 9.94229965e+01 8.57050858e+01 1.01295418e+02
    8.92786102e+01 1.00487160e+02 8.73814392e+01 1.02222198e+02
    8.60112839e+01 1.01645065e+02 7.79822617e+01 1.04720482e+02
    7.21890640e+01 1.06354424e+02 7.15998840e+01 1.09902458e+02
    7.11902695e+01 1.13836151e+02 7.57906876e+01 1.13703896e+02
    8.56263504e+01 1.21587631e+02 8.83422394e+01 1.32188980e+02
    1.01655426e+02 1.35610367e+02 1.13752304e+02 1.28453644e+02
    1.22744247e+02 1.38070312e+02 1.44013016e+02 1.49254425e+02
    1.57350311e+02 1.67405579e+02 1.67475266e+02 2.05307312e+02
    1.81457321e+02 2.05307312e+02 1.85916931e+02 1.87593781e+02
    1.91601593e+02 2.36293411e+02 2.00656082e+02 2.77763062e+02
    2.05458954e+02 2.76955688e+02 2.17303528e+02 2.91540283e+02
    2.19802231e+02 3.10067535e+02 2.26618698e+02 3.07665680e+02
    2.26418411e+02 3.02307373e+02 2.16063019e+02 2.95740662e+02
    2.13088959e+02 3.02621674e+02 2.05023941e+02 2.90093231e+02
    2.01030289e+02 2.52974152e+02 1.87561630e+02 2.50666946e+02
    1.72511551e+02 2.30866943e+02 1.57621857e+02 2.07421387e+02
    1.35425766e+02 1.87670990e+02 1.23648994e+02 1.74627655e+02
    1.13733589e+02 1.41424881e+02 1.02137688e+02 1.39368607e+02
    9.91522064e+01 1.27421265e+02 9.74866562e+01 1.17984406e+02
    9.17828903e+01 1.06785446e+02 8.53069077e+01 1.07475037e+02
    7.83439789e+01 9.77958450e+01 7.04411850e+01 9.25508804e+01
    6.67392273e+01 8.86854477e+01 6.75290298e+01 8.46415787e+01
    6.65280075e+01 8.23424072e+01 6.49650650e+01 7.69240723e+01
    6.51408234e+01 7.60624390e+01 6.17731285e+01 7.49504242e+01
    6.19084587e+01 7.49786911e+01 6.36552734e+01 7.11218719e+01
    6.23194542e+01 7.25743332e+01 6.29955940e+01 7.26612015e+01
    6.26772919e+01 6.90083694e+01 6.27826767e+01 7.14902954e+01
    6.32067108e+01 7.31225815e+01 6.28860931e+01 7.03534470e+01
    6.44608917e+01 8.05583878e+01 6.43206787e+01 8.31744995e+01
    6.87702560e+01 1.00057541e+02 7.03907623e+01 1.00057541e+02
    8.12812729e+01 1.06823265e+02 9.67457428e+01 1.22504623e+02
    1.03881134e+02 1.40942123e+02 1.14538055e+02 1.40942123e+02
    1.37309555e+02 1.59097290e+02 1.46518326e+02 1.78922440e+02
    1.60193237e+02 1.93970612e+02 1.77088989e+02 2.13993195e+02
    1.71293930e+02 2.22612015e+02 2.06703751e+02 2.30488083e+02
    2.31909149e+02 2.50472748e+02 2.65116760e+02 2.89456818e+02
    3.04588135e+02 3.57787323e+02 3.39818512e+02 4.35671661e+02
    3.75485291e+02 4.85952942e+02 4.01762054e+02 5.78055359e+02
    4.34521637e+02 6.16825806e+02 4.13042480e+02 6.72866699e+02
    4.20965057e+02 7.05650879e+02 4.16124847e+02 5.61144958e+02
    3.94232819e+02 5.93428101e+02 3.90064148e+02 4.12408051e+02
    3.49472565e+02 4.87572296e+02 3.16601410e+02 4.38432678e+02
    2.95047302e+02 4.17095978e+02 2.65348175e+02 3.32713440e+02
    2.36648392e+02 3.13003510e+02 2.22044159e+02 2.51137894e+02
    1.88198486e+02 2.04168427e+02 1.66070435e+02 2.10695969e+02
    1.55794250e+02 1.93803299e+02 1.30189041e+02 1.77576004e+02
    1.13692711e+02 1.52145844e+02 1.06357430e+02 1.35826645e+02
    9.63661728e+01 1.14577843e+02 9.21407242e+01 1.05184746e+02
    8.68381805e+01 1.01271271e+02 7.91176605e+01 9.17736435e+01
    7.57792435e+01 9.17736435e+01 7.14049988e+01 9.09299469e+01
    7.14809723e+01 8.87628784e+01 7.54404602e+01 8.72607346e+01
    7.43933105e+01 8.11865540e+01 7.32011414e+01 7.31922913e+01
    7.52472229e+01 7.24659195e+01 7.05315704e+01 7.12929916e+01
    7.46624451e+01 6.93973160e+01 7.47324982e+01 7.32723694e+01
    7.41346207e+01 7.49371185e+01 7.52779770e+01 7.59124985e+01
    7.66225662e+01 8.09807358e+01 7.89060440e+01 7.89844360e+01
    7.95120010e+01 8.21880951e+01 7.79659805e+01 8.49472504e+01
    7.43763275e+01 9.49510193e+01 7.50312500e+01 9.97630081e+01
    7.59494095e+01 1.02343887e+02 8.14944611e+01 1.05283875e+02
    8.46055145e+01 1.10228783e+02 8.66097260e+01 1.16895447e+02
    9.76265335e+01 2.94138458e+02 1.02632484e+02 1.51081406e+02
    1.16541466e+02 1.71573517e+02 1.30970963e+02 1.71573517e+02
    1.42694580e+02 2.02629395e+02 1.73805191e+02 2.17893875e+02
    1.93990295e+02 2.42460495e+02 2.17445969e+02 2.60051880e+02
    2.30058868e+02 2.77304352e+02 2.33701019e+02 2.96717163e+02
    2.46617386e+02 3.14296692e+02 2.53220200e+02 3.24582672e+02
    2.60661072e+02 3.25420593e+02 2.61775665e+02 3.15518005e+02
    2.53124512e+02 2.99768280e+02 2.35702347e+02 2.80488281e+02
    2.17335892e+02 2.58428802e+02 1.82812271e+02 2.40121628e+02
    1.51061813e+02 2.22047470e+02 1.33574738e+02 1.99719635e+02
    1.20084450e+02 1.81659698e+02 1.21530884e+02 1.58987549e+02
    1.20885895e+02 1.46553726e+02 1.13217773e+02 1.37138290e+02
    1.06306091e+02 1.24132378e+02 9.31217117e+01 1.19621780e+02
    8.67483673e+01 1.11763390e+02 8.21846390e+01 1.06922531e+02
    7.81465988e+01 1.06574593e+02 8.11052399e+01 1.01364845e+02
    7.80338287e+01 1.01187126e+02 7.93389816e+01 1.00388863e+02
    7.88301849e+01 9.44566574e+01 7.88301849e+01 1.01811897e+02
    8.02833405e+01 8.89509583e+01 8.27194366e+01 8.72355957e+01
    8.79241104e+01 9.06948318e+01 8.97574387e+01 1.00562126e+02
    9.44676208e+01 1.15975845e+02 9.45964050e+01 1.18619370e+02
    9.54995270e+01 1.23798683e+02 1.06288589e+02 1.53422028e+02
    1.27375618e+02 1.68910568e+02 1.50828064e+02 1.77374588e+02
    1.67702484e+02 1.91725098e+02 1.85294998e+02 1.79834076e+02
    1.83854111e+02 2.04050751e+02 1.86484329e+02 2.16794113e+02
    2.09122437e+02 2.12432327e+02 2.06431870e+02 2.42972443e+02
    2.15016144e+02 2.52724045e+02 2.11981873e+02 2.85380280e+02
    1.98850388e+02 2.81746521e+02 2.07536819e+02 2.98876190e+02
    2.10615372e+02 3.26567017e+02 2.18592896e+02 2.08421265e+02
    2.03812546e+02 2.28840164e+02 1.80747421e+02 2.30539108e+02
    1.59285629e+02 2.10616074e+02 1.39086029e+02 1.98737305e+02
    1.46081100e+02 1.77221542e+02 1.53955505e+02 1.77223587e+02
    1.44412689e+02 1.78411057e+02 1.38503311e+02 1.78262772e+02
    1.22922638e+02 1.79422729e+02 1.08775032e+02 1.80927399e+02
    1.08089294e+02 1.70913757e+02 1.01491127e+02 1.62895920e+02
    9.67092056e+01 1.50530807e+02 9.24026489e+01 1.31948654e+02
    8.93556366e+01 1.13496292e+02 9.18737335e+01 1.05526619e+02
    8.69468613e+01 9.67710037e+01 8.15710754e+01 8.87964478e+01
    7.63773117e+01 7.50107803e+01 6.58611908e+01 7.13853302e+01
    5.94456367e+01 6.34471207e+01 5.66149368e+01 7.44549713e+01
    5.58315315e+01 7.36317444e+01 5.72976761e+01 6.32791939e+01
    6.30912933e+01 6.77790375e+01 6.54573593e+01 6.81417160e+01
    7.19442978e+01 6.16788216e+01 7.18857956e+01 6.92930908e+01
    6.79773178e+01 6.00853081e+01 6.57000427e+01 5.85787926e+01
    5.95437546e+01 5.70810661e+01 5.91577148e+01 5.31382256e+01
    5.86906395e+01 5.16919136e+01 5.63051720e+01 5.39443130e+01
    5.80885010e+01 5.54080696e+01 5.93637085e+01 5.90560799e+01
    5.93637085e+01 5.55736961e+01 6.08108978e+01 5.62116165e+01
    5.78343849e+01 6.49882431e+01 5.89007492e+01 6.35687790e+01
    6.09732666e+01 6.38029289e+01 6.22825928e+01 6.68536148e+01
    6.10898132e+01 6.58771133e+01 5.73997879e+01 6.15910416e+01
    5.55744247e+01 6.27490158e+01 5.48023911e+01 6.54526901e+01
    5.68680725e+01 7.03086853e+01 5.69226303e+01 6.59968414e+01
