<?xml version="1.0"?>
<opencv_storage>
<graph_buffer type_id="opencv-matrix">
  <rows>1000</rows>
  <cols>2</cols>
  <dt>f</dt>
  <data>
    4.98194160e+01 6.49614334e+01 4.95370522e+01 7.61703949e+01
    5.26520500e+01 8.76024017e+01 5.49134941e+01 8.94396362e+01
    5.54106522e+01 9.13162766e+01 5.77914352e+01 9.26618805e+01
    5.60630493e+01 9.34371338e+01 5.77171021e+01 9.35288467e+01
    5.99504929e+01 9.25765381e+01 5.99608994e+01 9.08286591e+01
    6.19244308e+01 8.84915314e+01 5.90485535e+01 7.70595245e+01
    5.59270134e+01 6.57597809e+01 5.43918343e+01 5.49758987e+01
    5.16605148e+01 4.48659592e+01 4.92993546e+01 3.54157906e+01
    4.47974930e+01 2.63130150e+01 4.02677078e+01 1.76458855e+01
    3.63495903e+01 8.87181377e+00 3.14230862e+01 -2.05993656e-05
    3.04144535e+01 -2.05993656e-05 2.74153099e+01 -2.05993656e-05
    2.45098267e+01 -2.05993656e-05 2.18154793e+01 -2.05993656e-05
    2.22186680e+01 -2.05993656e-05 2.16809731e+01 -2.05993656e-05
    2.07793579e+01 -2.05993656e-05 1.95280495e+01 -2.05993656e-05
    1.63716869e+01 -2.05993656e-05 1.34067078e+01 -2.05993656e-05
    1.22743397e+01 -2.05993656e-05 1.60989265e+01 -2.05993656e-05
    1.50874481e+01 -2.05993656e-05 1.64029236e+01 8.91940498e+00
    2.21890602e+01 1.80450630e+01 2.50104427e+01 2.76044121e+01
    2.86415806e+01 3.80461044e+01 3.25979538e+01 4.91011429e+01
    3.77857780e+01 6.10253067e+01 4.50756302e+01 7.30630722e+01
    4.67291832e+01 8.50861969e+01 5.26533699e+01 9.67615280e+01
    5.60733528e+01 9.89926224e+01 5.48696060e+01 1.00597488e+02
    5.81336784e+01 1.01486778e+02 5.60631905e+01 1.00863266e+02
    6.12340012e+01 9.97930450e+01 6.07543449e+01 9.75987091e+01
    5.96070366e+01 9.46732025e+01 6.11708565e+01 9.16774902e+01
    6.03840866e+01 8.92662201e+01 5.86124458e+01 8.74235077e+01
    6.02529602e+01 8.63457031e+01 5.45736809e+01 7.58970642e+01
    5.54661751e+01 6.60788803e+01 4.93956146e+01 5.60940628e+01
    4.80604668e+01 4.63642349e+01 4.28781052e+01 3.72519722e+01
    3.78925095e+01 2.82245693e+01 3.28172073e+01 1.89604988e+01
    2.89286346e+01 9.65269375e+00 2.63231697e+01 -1.60217278e-05
    2.42026062e+01 -1.60217278e-05 2.09625893e+01 -1.60217278e-05
    1.84782295e+01 -1.60217278e-05 1.04547205e+01 -1.60217278e-05
    1.97284355e+01 1.90034733e+01 2.50628605e+01 1.90034752e+01
    2.82863274e+01 1.90034752e+01 3.55979271e+01 2.68814125e+01
    4.03631706e+01 3.35066833e+01 4.40343704e+01 3.93667526e+01
    4.76488724e+01 4.50920639e+01 5.43074226e+01 5.03821983e+01
    6.09401245e+01 5.54489861e+01 5.99491158e+01 6.60628204e+01
    5.86459274e+01 7.69018784e+01 5.82333603e+01 8.76824875e+01
    5.87886581e+01 8.92064285e+01 5.99067574e+01 9.09954758e+01
    5.58173218e+01 9.27475128e+01 5.72318192e+01 9.33940964e+01
    5.76553650e+01 9.31665802e+01 5.45994339e+01 9.19796219e+01
    5.68295975e+01 9.04849930e+01 7.12162933e+01 8.49476700e+01
    7.05657578e+01 8.60196381e+01 7.16755447e+01 8.69568863e+01
    6.93803101e+01 8.71099091e+01 6.98582535e+01 8.70031815e+01
    6.99687271e+01 8.68121567e+01 6.71740723e+01 8.61460342e+01
    6.43670578e+01 8.53175659e+01 6.35453491e+01 8.48375626e+01
    5.82946281e+01 8.41666489e+01 5.30749931e+01 8.32407455e+01
    5.15639420e+01 8.25972595e+01 5.35206375e+01 8.29447708e+01
    4.91179085e+01 7.36348495e+01 4.62448502e+01 6.44324570e+01
    4.57300644e+01 5.55110893e+01 4.43431511e+01 4.65929031e+01
    3.97350502e+01 3.73588104e+01 3.75688667e+01 2.81251278e+01
    4.01072922e+01 1.92239418e+01 3.77211914e+01 1.88363380e+01
    3.47956696e+01 1.79341316e+01 3.36133118e+01 2.84221344e+01
    3.27862511e+01 2.84221344e+01 3.59969254e+01 2.84221344e+01
    3.60479507e+01 2.84221344e+01 3.49732552e+01 2.84221344e+01
    3.95512924e+01 2.84221344e+01 4.14064636e+01 2.84221344e+01
    4.14716721e+01 1.94921207e+01 4.12862892e+01 1.04880514e+01
    4.10953636e+01 4.73022446e-05 4.00265083e+01 4.73022446e-05
    3.31352463e+01 4.73022446e-05 3.48861504e+01 4.73022446e-05
    3.74667168e+01 4.73022446e-05 3.45666771e+01 4.73022446e-05
    3.33496399e+01 4.73022446e-05 3.32557259e+01 4.73022446e-05
    3.56502571e+01 4.73022446e-05 3.45814476e+01 4.73022446e-05
    3.59264069e+01 4.73022446e-05 4.19108429e+01 9.17410374e+00
    4.08511734e+01 1.85905571e+01 4.34543114e+01 2.81816216e+01
    4.18738403e+01 3.86455765e+01 4.34024734e+01 5.07009087e+01
    4.39523087e+01 6.43347244e+01 4.18729477e+01 7.91122055e+01
    4.30061760e+01 9.37257843e+01 4.53996353e+01 1.07582787e+02
    4.35472794e+01 1.10939796e+02 4.46849289e+01 1.12720032e+02
    4.11627464e+01 1.13918625e+02 4.26065903e+01 1.13764832e+02
    4.19651566e+01 1.12117043e+02 4.26800728e+01 1.08918198e+02
    4.50648232e+01 1.05347610e+02 4.86655350e+01 9.07340317e+01
    4.70002251e+01 8.87676849e+01 4.63855247e+01 8.67301788e+01
    4.44637070e+01 8.55909653e+01 4.44167099e+01 8.43710480e+01
    4.58891296e+01 8.33346405e+01 4.41994438e+01 8.16884766e+01
    4.21406822e+01 8.01564789e+01 4.35495834e+01 7.79082413e+01
    4.22827682e+01 8.64803009e+01 4.31247940e+01 7.45896454e+01
    4.29137497e+01 6.40960922e+01 4.10076485e+01 5.40386238e+01
    4.19619942e+01 4.44688873e+01 3.95208473e+01 3.51951408e+01
    4.23988953e+01 2.64337559e+01 4.61046982e+01 1.75307865e+01
    4.51863022e+01 8.57214355e+00 4.54619446e+01 8.16345200e-05
    4.43223763e+01 8.16345200e-05 4.36184731e+01 8.16345200e-05
    4.80134354e+01 8.75716972e+00 4.87496109e+01 1.83608818e+01
    5.01828804e+01 2.80967464e+01 4.95929527e+01 3.70975113e+01
    4.67973709e+01 4.62690048e+01 4.60257607e+01 5.54997673e+01
    4.87555618e+01 6.53776550e+01 5.11535034e+01 7.54181366e+01
    5.33647079e+01 8.59624481e+01 5.52190742e+01 8.83146667e+01
    5.78045235e+01 9.00223846e+01 6.15592651e+01 9.14474487e+01
    6.16219482e+01 9.30594254e+01 6.60048676e+01 9.37913895e+01
    6.70270081e+01 9.35438690e+01 6.65149918e+01 9.21099396e+01
    6.64368210e+01 9.04918594e+01 6.28386917e+01 8.84260406e+01
    6.14276962e+01 8.61419678e+01 5.83300362e+01 8.40377731e+01
    5.51447945e+01 7.28768463e+01 5.60132980e+01 7.19121552e+01
    5.43788338e+01 7.13737335e+01 5.58989487e+01 7.16401901e+01
    5.45115280e+01 7.26544418e+01 5.38030586e+01 7.27249603e+01
    5.72995377e+01 7.29936295e+01 5.81922073e+01 7.33311844e+01
    5.90984879e+01 7.33626022e+01 6.16055603e+01 7.33626022e+01
    5.83232918e+01 6.37145576e+01 5.62298279e+01 5.43495255e+01
    5.23459702e+01 4.50998154e+01 4.82060966e+01 3.56416130e+01
    4.26234283e+01 2.71486855e+01 3.81452637e+01 1.84015312e+01
    3.04491673e+01 9.23873901e+00 2.62585850e+01 8.31603975e-05
    2.02596092e+01 8.31603975e-05 2.08891125e+01 8.31603975e-05
    2.04481010e+01 8.31603975e-05 1.96549797e+01 8.31603975e-05
    2.21137047e+01 8.31603975e-05 2.66064358e+01 8.31603975e-05
    3.18289547e+01 8.83007240e+00 3.72020035e+01 1.74891624e+01
    4.27350807e+01 2.60358524e+01 4.63190575e+01 3.48661575e+01
    4.84100342e+01 4.42391472e+01 5.31008987e+01 5.45569763e+01
    5.70622177e+01 6.54841461e+01 6.07299118e+01 7.69733734e+01
    6.47442322e+01 8.88649368e+01 6.65807190e+01 9.17859268e+01
    6.95139313e+01 9.46698303e+01 6.99099121e+01 9.72386932e+01
    7.45797119e+01 9.87390060e+01 7.61619110e+01 9.90883331e+01
    7.55370636e+01 9.76027985e+01 7.36913910e+01 9.49803391e+01
    7.13039322e+01 9.22029266e+01 6.79886322e+01 8.03113708e+01
    6.40197449e+01 6.85603943e+01 5.79912834e+01 5.70174026e+01
    5.18891296e+01 4.59018478e+01 4.45108414e+01 3.55712242e+01
    3.83390808e+01 2.58489113e+01 3.44496117e+01 1.70166206e+01
    3.36728554e+01 8.71191597e+00 2.88223763e+01 9.99450713e-05
    2.36155186e+01 9.99450713e-05 2.02883568e+01 9.99450713e-05
    1.81839943e+01 9.18472767e+00 2.29034920e+01 1.81540318e+01
    2.97099514e+01 2.70642128e+01 2.86905975e+01 3.60863304e+01
    2.58914032e+01 4.48119659e+01 2.26418152e+01 5.33345337e+01
    2.31574974e+01 6.16928635e+01 2.78128777e+01 7.01411591e+01
