<?xml version="1.0"?>
<opencv_storage>
<graph_buffer type_id="opencv-matrix">
  <rows>2000</rows>
  <cols>2</cols>
  <dt>f</dt>
  <data>
    3.68957787e+01 8.92588730e+01 4.31446838e+01 9.12288437e+01
    3.00324764e+01 9.21399765e+01 1.81664028e+01 9.42966309e+01
    3.06316776e+01 9.45450821e+01 3.80963974e+01 9.40675430e+01
    3.26343689e+01 9.43064804e+01 3.03413906e+01 9.21188126e+01
    2.26736813e+01 8.98863907e+01 5.62202597e+00 0. 5.99035835e+00 0.
    5.99035835e+00 0. 4.25974540e-05 0. 4.25974540e-05 0. 4.25974540e-05
    0. 4.25974540e-05 0. 4.25974540e-05 0. 4.25974540e-05 0.
    1.09803267e+01 0. 2.33366032e+01 0. 1.83462029e+01 0. 5.98992538e+00
    0. 6.21807241e+00 0. 1.29519587e+01 0. 6.73393059e+00 0.
    4.38690186e-05 0. 4.38690186e-05 0. 1.12057953e+01 0. 1.12057953e+01
    0. 4.45048026e-05 0. 4.45048026e-05 0. 4.45048026e-05 0.
    4.45048026e-05 0. 4.45048026e-05 0. 4.45048026e-05 0. 4.45048026e-05
    0. 4.45048026e-05 0. 4.45048026e-05 0. 4.45048026e-05 0.
    4.45048026e-05 0. 4.45048026e-05 0. 4.45048026e-05 0. 4.45048026e-05
    0. 4.45048026e-05 0. 5.35920763e+00 0. 5.35920763e+00 0.
    4.45048026e-05 0. 4.45048026e-05 0. 4.45048026e-05 0. 4.45048026e-05
    0. 4.45048026e-05 0. 4.45048026e-05 0. 4.45048026e-05 0.
    4.45048026e-05 0. 6.16380835e+00 0. 1.18514166e+01 0. 1.19994745e+01
    0. 3.03496342e+01 9.46773300e+01 4.22459145e+01 9.26237793e+01
    3.63785133e+01 9.43705215e+01 3.06106014e+01 9.33050156e+01
    2.51690655e+01 9.32978516e+01 3.11120968e+01 9.46186523e+01
    3.07483521e+01 9.34092636e+01 1.84134979e+01 9.29672012e+01
    2.47634277e+01 0. 2.52790585e+01 9.67002792e+01 2.47598820e+01
    9.84599609e+01 2.45160294e+01 9.63137207e+01 1.77192078e+01
    9.48021622e+01 1.76021824e+01 0. 1.20218935e+01 9.30467911e+01
    2.33102112e+01 8.72809219e+01 2.90731125e+01 9.12733536e+01
    1.15816736e+01 0. 4.45048026e-05 0. 4.45048026e-05 0. 6.10639191e+00
    0. 6.10639191e+00 0. 1.29698858e+01 0. 2.07623158e+01 0.
    1.36967010e+01 0. 1.17943850e+01 0. 5.89015913e+00 0. 4.38690186e-05
    0. 4.38690186e-05 0. 1.76871853e+01 0. 2.31880856e+01 0.
    1.12976656e+01 0. 5.79676485e+00 0. 4.19616699e-05 0. 4.19616699e-05
    0. 4.19616699e-05 0. 4.19616699e-05 0. 4.19616699e-05 0.
    4.19616699e-05 0. 5.69063997e+00 0. 5.69063997e+00 0. 4.19616699e-05
    0. 5.95133352e+00 0. 5.95133352e+00 0. 1.22943010e+01 0.
    1.22943010e+01 0. 4.19616699e-05 0. 4.19616699e-05 0. 4.19616699e-05
    0. 4.19616699e-05 0. 4.19616699e-05 0. 1.18411064e+01 0.
    1.92669907e+01 0. 7.42592621e+00 0. 4.19616699e-05 0. 4.19616699e-05
    0. 4.19616699e-05 0. 4.19616699e-05 0. 4.19616699e-05 0.
    4.19616699e-05 0. 5.68765020e+00 0. 1.16389418e+01 0. 5.95133352e+00
    0. 1.16059990e+01 0. 1.16059990e+01 0. 5.80961227e+00 0.
    5.80961227e+00 0. 5.80961227e+00 0. 5.80961227e+00 0. 1.16148529e+01
    0. 2.32858372e+01 0. 1.74348412e+01 0. 1.76921902e+01 0.
    2.94778290e+01 8.98999863e+01 3.52704544e+01 8.90249863e+01
    2.93574371e+01 8.95410156e+01 2.32574062e+01 8.70021133e+01
    1.71980572e+01 8.48934708e+01 1.70059223e+01 8.36563339e+01
    2.89079800e+01 8.38874512e+01 2.93422146e+01 8.33767929e+01
    1.78143597e+01 8.50488281e+01 5.95133352e+00 0. 5.76137018e+00 0.
    1.14519682e+01 0. 1.23372383e+01 0. 6.64664030e+00 0. 6.37091398e+00
    0. 1.27614317e+01 0. 1.77439022e+01 0. 1.13533859e+01 0.
    7.11650848e+00 0. 1.35716581e+01 0. 6.45519209e+00 0. 4.32332345e-05
    0. 4.32332345e-05 0. 4.32332345e-05 0. 6.00729179e+00 0.
    6.00729179e+00 0. 1.20075960e+01 0. 1.20075960e+01 0. 1.10063238e+01
    0. 1.10063238e+01 0. 4.57763672e-05 0. 4.57763672e-05 0.
    5.92964602e+00 0. 1.76329060e+01 0. 1.17033052e+01 0. 4.57763672e-05
    0. 4.57763672e-05 0. 6.07009268e+00 0. 6.07009268e+00 0.
    4.57763672e-05 0. 7.33814812e+00 0. 7.33814812e+00 0. 4.57763672e-05
    0. 1.19387016e+01 0. 2.44180584e+01 0. 1.81280346e+01 0.
    1.12973108e+01 0. 5.64867830e+00 0. 6.19067717e+00 0. 1.17407427e+01
    0. 5.55011225e+00 0. 4.70479317e-05 0. 4.70479317e-05 0.
    4.70479317e-05 0. 4.70479317e-05 0. 4.70479317e-05 0. 1.24096766e+01
    0. 1.82393360e+01 0. 1.18956575e+01 0. 6.06599760e+00 0.
    1.25378294e+01 0. 1.25378294e+01 0. 5.99036264e+00 0. 1.19806786e+01
    0. 5.99036264e+00 0. 5.99036264e+00 0. 5.99036264e+00 0.
    1.25032644e+01 0. 1.85517826e+01 0. 6.04856634e+00 0. 1.22543440e+01
    0. 2.49346542e+01 0. 1.26803579e+01 0. 4.70479317e-05 0.
    5.98751450e+00 0. 1.86769619e+01 0. 3.01819916e+01 0. 1.74925442e+01
    0. 4.70479317e-05 0. 6.45519590e+00 0. 1.25037155e+01 0.
    3.09548397e+01 9.07277832e+01 3.11733246e+01 9.13050156e+01
    1.80501881e+01 9.40050430e+01 1.77706528e+01 9.09892578e+01
    1.78113689e+01 8.98120117e+01 1.79876652e+01 8.56557617e+01
    6.16381073e+00 0. 5.72401571e+00 0. 1.19910173e+01 8.58595352e+01
    1.83885174e+01 0. 1.21215134e+01 0. 4.57763672e-05 0. 4.57763672e-05
    0. 4.57763672e-05 0. 4.57763672e-05 0. 5.57783461e+00 0.
    1.91567554e+01 0. 1.35789671e+01 0. 4.45048026e-05 0. 4.45048026e-05
    0. 4.45048026e-05 0. 6.37091589e+00 0. 2.40064182e+01 0.
    1.76355476e+01 0. 5.95233917e+00 0. 1.17490616e+01 0. 1.82969933e+01
    0. 3.01905537e+01 0. 2.97529697e+01 0. 1.20626869e+01 9.75629044e+01
    4.06901054e-05 0. 4.06901054e-05 0. 5.74185944e+00 0. 5.74185944e+00
    0. 4.06901054e-05 0. 1.15173693e+01 0. 2.29973221e+01 0.
    1.14799929e+01 0. 4.06901054e-05 0. 4.06901054e-05 0. 6.02715111e+00
    0. 6.02715111e+00 0. 4.06901054e-05 0. 1.15097847e+01 0.
    1.15097847e+01 0. 5.60959005e+00 0. 1.18721876e+01 0. 2.38093128e+01
    0. 1.75467167e+01 0. 6.89272833e+00 0. 1.88549671e+01 0.
    1.19622812e+01 0. 7.11650848e+00 0. 1.92138615e+01 0. 2.50070705e+01
    0. 1.29097176e+01 0. 4.45048026e-05 0. 6.00986481e+00 0.
    1.92061977e+01 0. 1.31963768e+01 0. 7.50577927e+00 0. 7.50577927e+00
    0. 4.45048026e-05 0. 4.45048026e-05 0. 4.45048026e-05 0.
    5.37862539e+00 0. 5.37862539e+00 0. 4.45048026e-05 0. 4.45048026e-05
    0. 4.45048026e-05 0. 5.80331039e+00 0. 5.80331039e+00 0.
    4.45048026e-05 0. 4.45048026e-05 0. 5.37520170e+00 0. 1.84904842e+01
    0. 1.87161007e+01 0. 5.60081720e+00 0. 1.09555321e+01 0.
    1.09555321e+01 0. 1.14006548e+01 0. 1.14006548e+01 0. 5.54696035e+00
    0. 1.70924892e+01 0. 1.73643017e+01 0. 2.24323139e+01 0.
    1.66135864e+01 0. 4.45048026e-05 0. 1.28297157e+01 0. 1.28297157e+01
    0. 4.45048026e-05 0. 5.80616999e+00 0. 1.86246967e+01 0.
    1.28185720e+01 0. 4.45048026e-05 0. 4.45048026e-05 0. 4.45048026e-05
    0. 4.45048026e-05 0. 4.45048026e-05 0. 4.45048026e-05 0.
    4.45048026e-05 0. 4.45048026e-05 0. 4.45048026e-05 0. 4.45048026e-05
    0. 4.45048026e-05 0. 4.45048026e-05 0. 6.06387901e+00 0.
    1.19416952e+01 0. 5.87786055e+00 0. 4.45048026e-05 0. 4.45048026e-05
    0. 4.45048026e-05 0. 1.25476141e+01 0. 2.62036285e+01 0.
    1.91309738e+01 0. 1.09513092e+01 0. 1.09903069e+01 0. 5.51395607e+00
    0. 1.75923691e+01 0. 2.92939968e+01 8.42019882e+01 3.52091789e+01
    8.27086563e+01 2.90594101e+01 8.17612305e+01 2.34275494e+01
    8.32778320e+01 3.02243099e+01 0. 3.48550301e+01 0. 2.79711094e+01
    8.13448868e+01 1.73051281e+01 8.19704590e+01 1.18404303e+01 0.
    5.95233774e+00 0. 5.95233774e+00 0. 5.62116385e+00 0. 5.62116385e+00
    0. 4.32332345e-05 0. 4.32332345e-05 0. 4.32332345e-05 0.
    5.69497538e+00 0. 1.12720642e+01 0. 5.57713175e+00 0. 5.67985535e+00
    0. 1.13770828e+01 0. 1.78956585e+01 0. 1.85185757e+01 0.
    1.18786383e+01 0. 1.14096880e+01 0. 1.18760080e+01 0. 1.24657106e+01
    0. 1.22119722e+01 0. 1.13123198e+01 0. 1.78742390e+01 0.
    1.86531410e+01 0. 6.32018805e+00 0. 4.38690186e-05 0. 1.24096727e+01
    0. 1.86277008e+01 0. 6.21807098e+00 0. 4.25974540e-05 0.
    1.23975420e+01 0. 2.46126308e+01 0. 1.86360455e+01 8.34360352e+01
    1.24307756e+01 0. 1.23713036e+01 0. 1.19339113e+01 0. 5.57246971e+00
    0. 5.55402374e+00 0. 5.55402374e+00 0. 4.19616699e-05 0.
