<?xml version="1.0"?>
<opencv_storage>
<graph_buffer type_id="opencv-matrix">
  <rows>4000</rows>
  <cols>2</cols>
  <dt>f</dt>
  <data>
    1.01564655e+01 0. 1.39264402e+01 1.07533119e+02 1.33064404e+01 0.
    1.74955177e+01 1.04820885e+02 2.56185417e+01 1.03575439e+02
    2.49985428e+01 0. 2.67837429e+01 0. 3.21293983e+01 0. 3.15093956e+01
    0. 2.63128967e+01 0. 2.52569599e+01 0. 3.08419685e+01 0.
    2.60328922e+01 0. 1.97177124e+01 0. 1.97177124e+01 0. 2.23503304e+01
    0. 1.63846779e+01 0. 1.86522331e+01 0. 1.86522331e+01 0.
    1.76789513e+01 0. 1.20939455e+01 0. 1.97296391e+01 0. 1.91684361e+01
    0. 2.16004066e+01 0. 2.07320976e+01 0. 2.07320976e+01 0.
    2.08351574e+01 0. 2.36226768e+01 0. 2.41776733e+01 0. 2.60733128e+01
    0. 2.26827641e+01 0. 2.35859985e+01 0. 2.53235416e+01 0.
    2.37833176e+01 0. 2.60038605e+01 0. 2.36332455e+01 0. 2.36949692e+01
    0. 2.32760410e+01 0. 2.13804016e+01 0. 1.95041561e+01 0.
    1.95105553e+01 0. 1.76771049e+01 0. 2.38561344e+01 1.15146156e+02
    2.90252018e+01 1.37356934e+02 3.61608505e+01 1.54746750e+02
    3.66240158e+01 1.65620605e+02 4.01347733e+01 1.63435226e+02
    5.40542297e+01 1.56887939e+02 5.44860840e+01 1.40037598e+02
    6.20094681e+01 1.26944580e+02 6.45633087e+01 0. 6.04060135e+01
    1.13747398e+02 5.53870163e+01 1.18530762e+02 5.05152054e+01
    1.13191811e+02 4.97369614e+01 1.26708092e+02 4.37293777e+01 0.
    3.22854233e+01 0. 2.94846745e+01 0. 1.91850166e+01 0. 2.86271152e+01
    1.18233887e+02 2.87005730e+01 0. 2.83543816e+01 0. 2.88254852e+01 0.
    2.62913246e+01 0. 2.91266785e+01 0. 3.20755005e+01 0. 3.47071762e+01
    0. 3.75390396e+01 0. 2.32070370e+01 0. 1.84825554e+01 0.
    1.64581337e+01 0. 1.37231932e+01 0. 1.37231932e+01 0. 1.08878384e+01
    0. 7.53669977e+00 0. 7.55988979e+00 0. 7.52353048e+00 0.
    7.52353048e+00 0. 9.76672173e+00 1.12159584e+02 1.23984003e+01 0.
    1.47690153e+01 0. 1.47690153e+01 0. 1.47690153e+01 0. 1.99183083e+01
    1.17504311e+02 2.59008579e+01 1.25657227e+02 2.79475555e+01
    1.36100998e+02 3.54288902e+01 1.35755936e+02 3.59087830e+01
    1.36154129e+02 3.58679085e+01 1.29540115e+02 3.60394669e+01
    1.27108727e+02 3.60394669e+01 0. 3.91638985e+01 0. 3.91679688e+01
    9.73164902e+01 3.85631676e+01 9.58732910e+01 3.65181351e+01 0.
    3.17839088e+01 0. 2.90608253e+01 0. 2.64700222e+01 0. 2.39278469e+01
    0. 2.65778599e+01 0. 2.34534302e+01 0. 2.11136589e+01 0.
    1.30810452e+01 0. 1.02838802e+01 0. 7.53677130e+00 0. 1.04790697e+01
    0. 1.04790697e+01 0. 1.74293270e+01 0. 2.02191277e+01 0.
    2.49606056e+01 0. 2.23551426e+01 0. 2.67406406e+01 0. 3.19156685e+01
    0. 3.19156685e+01 0. 3.22524834e+01 0. 3.50908318e+01 0.
    3.06160774e+01 0. 2.51762619e+01 0. 2.04347858e+01 0. 1.81534672e+01
    0. 1.70521183e+01 0. 1.18770885e+01 0. 1.47674561e+01 0.
    1.34825840e+01 9.97121582e+01 1.50459499e+01 1.07183594e+02
    1.49565296e+01 1.19304199e+02 2.21179028e+01 1.25062256e+02
    2.48183670e+01 1.35023193e+02 3.03265686e+01 1.38216476e+02
    3.58364639e+01 1.36943848e+02 4.10062180e+01 1.34982986e+02
    4.61729660e+01 1.31817551e+02 5.08959846e+01 1.23596031e+02
    5.17711487e+01 0. 5.64088860e+01 1.03545898e+02 4.92475128e+01 0.
    5.14707108e+01 0. 4.79458466e+01 0. 4.35930557e+01 0. 4.13591385e+01
    0. 3.63937607e+01 0. 2.96764946e+01 0. 2.43996181e+01 0.
    2.53162136e+01 0. 2.82738342e+01 0. 2.33501740e+01 0. 2.13668327e+01
    0. 2.78330021e+01 0. 3.27505302e+01 0. 3.52144432e+01 0.
    3.52144432e+01 0. 4.16779251e+01 0. 3.66344604e+01 0. 3.36768417e+01
    0. 3.36768417e+01 0. 3.36768417e+01 0. 2.27694168e+01 0.
    2.03681107e+01 0. 2.01541176e+01 0. 2.01541176e+01 0. 1.36906376e+01
    0. 1.42049608e+01 0. 1.42049608e+01 0. 1.42049608e+01 0.
    1.77242031e+01 0. 2.98115654e+01 0. 2.43595028e+01 0. 2.46428413e+01
    0. 2.74697914e+01 0. 2.74697914e+01 0. 2.64777107e+01 0.
    3.21642609e+01 0. 3.69660416e+01 0. 3.80891037e+01 0. 2.60017452e+01
    0. 2.60017452e+01 0. 2.57901516e+01 0. 2.29632015e+01 0.
    2.29632015e+01 0. 2.05440102e+01 0. 1.48574600e+01 0. 1.00556812e+01
    0. 1.25181017e+01 0. 1.25181017e+01 0. 1.49880886e+01 0.
    1.74600334e+01 0. 2.34384575e+01 0. 2.34384575e+01 0. 2.57015438e+01
    0. 3.54936409e+01 1.15113853e+02 3.97697372e+01 1.14739662e+02
    3.77423782e+01 1.12780602e+02 4.51919861e+01 1.13343018e+02
    4.95652390e+01 1.14714844e+02 4.58485909e+01 1.16828209e+02
    4.95298157e+01 1.19910484e+02 5.48963928e+01 1.11331787e+02
    5.94136238e+01 1.11723877e+02 5.25790825e+01 0. 5.04146690e+01 0.
    4.74337234e+01 0. 3.99841118e+01 0. 3.80179710e+01 0. 3.78626099e+01
    0. 2.82029610e+01 0. 2.72965393e+01 0. 2.49113369e+01 0.
    2.41969700e+01 0. 2.77424679e+01 0. 2.56460514e+01 0. 2.56460514e+01
    0. 2.56876469e+01 0. 2.38359337e+01 0. 2.62655602e+01 0.
    2.18054028e+01 0. 1.96916084e+01 0. 1.74484158e+01 0. 1.17912321e+01
    0. 1.17912321e+01 0. 1.17912321e+01 0. 9.16116905e+00 0.
    9.40475273e+00 0. 6.97512341e+00 0. 1.35148897e+01 0. 1.12335711e+01
    0. 1.12335711e+01 0. 1.62748928e+01 0. 2.24163799e+01 0.
    2.55674782e+01 0. 2.94557858e+01 0. 3.06425419e+01 0. 3.06425419e+01
    0. 2.88151302e+01 0. 2.88151302e+01 0. 3.30153122e+01 0.
    3.43632278e+01 0. 2.82217407e+01 0. 3.08006897e+01 0. 3.00972080e+01
    0. 3.18981895e+01 0. 3.18981895e+01 0. 2.93723030e+01 0.
    2.93723030e+01 0. 2.51721230e+01 0. 1.87828827e+01 0. 2.73581944e+01
    1.46005859e+02 3.04966850e+01 1.54657715e+02 3.28404732e+01
    1.67049973e+02 3.08498268e+01 1.70114822e+02 3.40867004e+01
    1.61843674e+02 3.48678055e+01 1.48378418e+02 3.48678055e+01 0.
    3.48678055e+01 0. 4.01062775e+01 0. 3.70593872e+01 1.06864258e+02
    3.53749313e+01 1.05447594e+02 3.54104996e+01 0. 3.70183907e+01
    1.06083168e+02 3.60463448e+01 1.13241455e+02 3.55265427e+01
    1.22388428e+02 4.35904007e+01 1.27166832e+02 5.16158333e+01
    1.32511719e+02 4.89367142e+01 1.27967445e+02 4.86744194e+01
    1.31428146e+02 4.42629013e+01 1.38628098e+02 4.47921982e+01
    1.26511879e+02 4.43769913e+01 1.20341881e+02 4.44228058e+01
    1.15532143e+02 4.65135651e+01 1.06260170e+02 4.12762299e+01 0.
    3.75127373e+01 0. 3.49533920e+01 0. 3.67651329e+01 0. 3.39925728e+01
    0. 2.56104679e+01 0. 2.39077263e+01 0. 2.35783863e+01 0.
    1.90398579e+01 0. 1.62133369e+01 0. 1.19513988e+01 0. 1.51286907e+01
    0. 1.32235661e+01 0. 1.77615242e+01 0. 2.10807114e+01 0.
    1.81884689e+01 0. 2.12935982e+01 0. 2.85609245e+01 0. 3.10611076e+01
    0. 3.52378578e+01 0. 3.49509354e+01 0. 3.22164841e+01 0.
    3.29387932e+01 0. 3.62923813e+01 0. 3.91242409e+01 0. 3.40378075e+01
    0. 2.96102962e+01 0. 2.71101131e+01 0. 2.50210457e+01 0.
    2.79825439e+01 1.23585121e+02 3.39845238e+01 1.33530930e+02
    3.59180984e+01 1.39375977e+02 3.20703964e+01 1.41253494e+02
    3.20328751e+01 1.39716721e+02 3.46828842e+01 1.32500656e+02
    3.74143753e+01 1.31773270e+02 3.99145584e+01 1.25009193e+02
    4.35187721e+01 1.15037842e+02 4.58518066e+01 0. 4.27451248e+01
    1.07003258e+02 3.99367752e+01 1.05797363e+02 4.17580261e+01
    1.04566002e+02 4.43026505e+01 0. 4.39174652e+01 0. 4.11789436e+01 0.
    4.31119957e+01 0. 4.03104744e+01 0. 3.21255684e+01 0. 2.67919807e+01
    0. 2.52968502e+01 0. 2.65110531e+01 0. 2.68738976e+01 0.
    2.92000885e+01 0. 2.88557167e+01 0. 3.13353062e+01 0. 3.14319038e+01
    0. 3.34132309e+01 0. 3.93536072e+01 0. 3.64632378e+01 0.
    3.74411850e+01 0. 3.17393837e+01 0. 2.97693729e+01 0. 2.96515770e+01
    0. 3.09452820e+01 0. 3.11037254e+01 0. 3.12958527e+01 0.
    2.53554764e+01 0. 2.81562290e+01 0. 2.13177586e+01 0. 2.13177586e+01
    0. 2.79446754e+01 1.17384361e+02 2.88109341e+01 0. 2.28857212e+01
    1.14065918e+02 1.97403088e+01 0. 1.75668526e+01 0. 2.20240211e+01 0.
    2.56867523e+01 1.02672935e+02 2.92854099e+01 0. 3.53786774e+01 0.
    2.97456570e+01 0. 2.85697823e+01 1.03049965e+02 3.07943821e+01
    1.00338295e+02 3.07943821e+01 0. 3.66521339e+01 0. 3.21949654e+01 0.
