<?xml version="1.0"?>
<opencv_storage>
<graph_buffer type_id="opencv-matrix">
  <rows>2500</rows>
  <cols>2</cols>
  <dt>f</dt>
  <data>
    6.12855530e+01 9.36875076e+01 5.81378403e+01 9.36952667e+01
    6.07384872e+01 9.38130951e+01 6.05046272e+01 8.33594589e+01
    5.81848984e+01 8.36327438e+01 5.55653915e+01 8.38493271e+01
    5.42591057e+01 8.42831879e+01 5.44502068e+01 8.44450989e+01
    5.48286247e+01 8.46521988e+01 5.01318169e+01 8.47986069e+01
    5.04475861e+01 7.42794952e+01 4.95572128e+01 7.41882782e+01
    4.98242874e+01 7.41882782e+01 5.15058060e+01 6.35141068e+01
    5.22468071e+01 6.39406967e+01 5.52425537e+01 6.39452820e+01
    5.59635010e+01 6.41050415e+01 5.69372940e+01 5.36472092e+01
    5.88346443e+01 5.36034012e+01 5.75287361e+01 6.43870697e+01
    5.76207161e+01 5.39591751e+01 5.88023148e+01 6.48230133e+01
    5.66314583e+01 7.55964050e+01 5.67404060e+01 6.46515732e+01
    5.50894890e+01 5.38081436e+01 5.69582443e+01 5.37059250e+01
    5.23849564e+01 6.43100739e+01 5.33673897e+01 6.43164444e+01
    5.63510551e+01 6.43379669e+01 5.47705803e+01 7.47580490e+01
    5.37578659e+01 7.43575897e+01 5.29621773e+01 7.39974747e+01
    5.23063660e+01 8.46985474e+01 5.34928055e+01 9.50614548e+01
    4.89938164e+01 9.48429947e+01 5.26445198e+01 9.46806107e+01
    5.25725937e+01 9.43154449e+01 5.25763168e+01 9.43119659e+01
    5.24085464e+01 9.40310593e+01 5.14995041e+01 8.35676804e+01
    5.42829819e+01 7.31544037e+01 5.55037003e+01 6.24533310e+01
    5.42276726e+01 6.23778687e+01 5.45681343e+01 6.20630302e+01
    5.68606682e+01 6.25205574e+01 5.77901535e+01 6.27668343e+01
    5.47175102e+01 6.29820175e+01 5.66195297e+01 5.28428345e+01
    5.64056320e+01 6.29802780e+01 5.55418816e+01 7.36673660e+01
    5.24750061e+01 7.36673660e+01 5.24458733e+01 7.40867157e+01
    5.62711678e+01 7.49566803e+01 5.23149529e+01 7.42835007e+01
    5.30968857e+01 7.39339676e+01 5.42978706e+01 7.31303787e+01
    4.68811035e+01 9.91821253e-06 4.87717819e+01 9.91821253e-06
    5.01987915e+01 9.91821253e-06 4.82669601e+01 9.91821253e-06
    4.76294022e+01 9.91821253e-06 4.84325180e+01 9.91821253e-06
    5.34388313e+01 9.91821253e-06 5.10731430e+01 9.91821253e-06
    4.91685104e+01 9.91821253e-06 4.92381821e+01 9.91821253e-06
    4.65080070e+01 9.91821253e-06 4.43356628e+01 9.91821253e-06
    4.40670242e+01 9.91821253e-06 4.21460266e+01 9.91821253e-06
    3.69205513e+01 9.91821253e-06 3.72647552e+01 9.91821253e-06
    3.63557777e+01 9.91821253e-06 3.67714691e+01 1.08640394e+01
    3.62064857e+01 2.14141445e+01 3.91687241e+01 3.16560783e+01
    4.09765663e+01 4.14639664e+01 4.15643768e+01 5.07039413e+01
    4.25996590e+01 6.00355415e+01 4.72984390e+01 6.93796158e+01
    4.61751251e+01 7.88389435e+01 4.84177628e+01 8.85731659e+01
    4.80520630e+01 8.70877533e+01 4.46850243e+01 8.60272827e+01
    4.04003906e+01 8.50115662e+01 4.17841377e+01 8.38581467e+01
    4.43672676e+01 7.46181793e+01 4.57648048e+01 6.52865753e+01
    4.43566208e+01 5.59425049e+01 4.08052292e+01 4.64831696e+01
    3.71618919e+01 3.67489510e+01 3.84253998e+01 2.73703270e+01
    3.87986107e+01 1.78806953e+01 4.03593903e+01 1.90417690e+01
    3.75522232e+01 2.00732384e+01 3.66600685e+01 2.94322472e+01
    3.64852676e+01 3.80492401e+01 3.62928810e+01 4.72994499e+01
    3.53204002e+01 5.60811577e+01 3.70102348e+01 6.50081177e+01
    3.81771812e+01 7.44300156e+01 4.05878716e+01 8.38440857e+01
    4.31574364e+01 8.28105316e+01 4.41197090e+01 8.27432632e+01
    4.46680374e+01 8.31166687e+01 4.73095322e+01 8.42182159e+01
    4.88881264e+01 8.47111130e+01 5.39809036e+01 8.58620071e+01
    5.79178467e+01 8.67166443e+01 5.67314034e+01 8.70927353e+01
    5.57382927e+01 8.70290680e+01 5.72134094e+01 8.68566055e+01
    6.05371819e+01 8.62422638e+01 6.23582153e+01 8.54204330e+01
    5.53799629e+01 8.48720245e+01 5.19325066e+01 8.42308807e+01
    5.03037186e+01 8.31994705e+01 4.30434990e+01 8.25211945e+01
    4.31874657e+01 8.25865707e+01 3.84455070e+01 7.32361755e+01
    3.34342232e+01 6.40548935e+01 2.97683601e+01 5.50505676e+01
    2.79851799e+01 4.61399803e+01 3.22247849e+01 3.69698563e+01
    3.58780136e+01 2.78678856e+01 3.68847046e+01 1.89666996e+01
    4.05992317e+01 1.88823643e+01 3.98009415e+01 1.80517921e+01
    4.28007050e+01 2.81714058e+01 4.70745506e+01 2.81714058e+01
    4.51045990e+01 2.81714058e+01 4.09306870e+01 2.81714058e+01
    3.93360367e+01 2.81714058e+01 3.50285492e+01 2.81714058e+01
    3.22644958e+01 2.81714058e+01 3.44563065e+01 1.91524200e+01
    3.34031982e+01 1.01196232e+01 3.18741570e+01 1.06811522e-05
    2.90381775e+01 1.06811522e-05 2.82568111e+01 1.06811522e-05
    3.17361794e+01 1.06811522e-05 2.94899845e+01 1.06811522e-05
    3.11649208e+01 1.06811522e-05 3.12306461e+01 1.06811522e-05
    2.69273777e+01 1.06811522e-05 2.58387394e+01 1.06811522e-05
    2.55464592e+01 1.06811522e-05 2.55275688e+01 1.06811522e-05
    3.16665287e+01 9.17406654e+00 2.75424595e+01 1.84094353e+01
    3.10657768e+01 2.80004997e+01 3.37809830e+01 3.84874802e+01
    3.71210861e+01 5.04118690e+01 4.03980026e+01 6.40456772e+01
    4.12540359e+01 7.86518402e+01 4.68656273e+01 9.32866516e+01
    4.93430367e+01 1.07283249e+02 4.53133354e+01 1.10645828e+02
    5.10762367e+01 1.12805191e+02 5.14093323e+01 1.14194313e+02
    4.80962753e+01 1.13908165e+02 4.54638367e+01 1.12461472e+02
    4.48585129e+01 1.09241737e+02 4.24680138e+01 1.05889000e+02
    3.93183060e+01 1.02367004e+02 3.66663742e+01 1.00016090e+02
    3.60136490e+01 9.78054352e+01 3.24197159e+01 9.64406357e+01
    2.81421146e+01 9.50830765e+01 2.88951530e+01 9.41046371e+01
    2.96522560e+01 9.24555969e+01 2.86033993e+01 9.07530289e+01
    3.13775368e+01 8.84582443e+01 2.83069000e+01 8.59174957e+01
    2.83509712e+01 7.42717972e+01 3.19606991e+01 6.39458122e+01
    3.17219505e+01 5.39158859e+01 3.59374275e+01 4.42932663e+01
    3.61354294e+01 3.50708694e+01 3.68503799e+01 2.62422218e+01
    3.36245804e+01 1.75307217e+01 3.45560455e+01 8.57207966e+00
    4.06909256e+01 1.75476071e-05 4.40613213e+01 1.75476071e-05
    4.45423813e+01 1.75476071e-05 4.57727165e+01 8.74937439e+00
    4.38571930e+01 1.80423679e+01 4.42802162e+01 2.77774601e+01
    4.07391777e+01 3.66537056e+01 4.72474289e+01 4.56422157e+01
    4.52489166e+01 5.49384155e+01 3.97477074e+01 6.41691742e+01
    3.62067108e+01 7.41671600e+01 3.15138550e+01 8.46596832e+01
    2.74701786e+01 8.69701080e+01 2.91411228e+01 8.90359039e+01
    2.95151672e+01 9.05232086e+01 3.33298111e+01 9.23468399e+01
    3.29294815e+01 9.33186569e+01 3.67234421e+01 9.31562195e+01
    4.13558311e+01 9.24949188e+01 3.98933983e+01 9.10309525e+01
    4.15524292e+01 8.86613770e+01 4.40610085e+01 8.63943634e+01
    4.26872787e+01 8.43299332e+01 3.92493134e+01 7.31075439e+01
    4.03153763e+01 6.24076653e+01 3.74825249e+01 6.14447327e+01
    3.95820427e+01 5.23109741e+01 3.41259689e+01 5.29066772e+01
    4.00325699e+01 5.30826721e+01 3.95778427e+01 5.33076286e+01
    4.20783005e+01 5.33543091e+01 4.45822487e+01 5.33835144e+01
    4.27461624e+01 6.29856682e+01 4.02032433e+01 6.29856682e+01
    3.87348557e+01 5.39882736e+01 3.54010582e+01 5.39882736e+01
    3.50147629e+01 4.48231125e+01 2.84137077e+01 3.61131058e+01
    2.51130352e+01 2.77651939e+01 2.41336079e+01 1.89257317e+01
    1.80966854e+01 9.60217285e+00 2.21294785e+01 1.60217278e-05
    2.41850185e+01 1.60217278e-05 2.27427483e+01 1.60217278e-05
    2.03742428e+01 1.60217278e-05 2.42107010e+01 1.60217278e-05
    2.65435219e+01 1.60217278e-05 3.01368141e+01 8.69846153e+00
    2.85978966e+01 1.72899895e+01 3.02700863e+01 2.61374416e+01
    3.15060730e+01 3.49497299e+01 2.81548500e+01 4.43227196e+01
    3.40969543e+01 5.44511528e+01 3.83731575e+01 6.53642731e+01
    3.81960754e+01 7.68615570e+01 3.95408096e+01 8.88023987e+01
    4.13128471e+01 9.18638840e+01 4.49334602e+01 9.46701279e+01
    4.94557762e+01 9.69467468e+01 4.99328957e+01 9.86987000e+01
    5.09162407e+01 9.89007263e+01 5.05174675e+01 9.79428177e+01
