<?xml version="1.0"?>
<opencv_storage>
<graph_buffer type_id="opencv-matrix">
  <rows>1000</rows>
  <cols>2</cols>
  <dt>f</dt>
  <data>
    4.52095413e+01 4.63641891e+01 4.18547478e+01 3.72519226e+01
    3.98118706e+01 2.82245216e+01 3.74147720e+01 1.89604492e+01
    3.53393822e+01 9.65264511e+00 4.01668701e+01 -6.48498535e-05
    3.85693893e+01 -6.48498535e-05 1.22877293e+01 -6.48498535e-05
    3.37690506e+01 6.47454834e+01 3.52844620e+01 5.52781677e+01
    3.62302475e+01 4.61104240e+01 3.57558517e+01 3.71838074e+01
    3.57669411e+01 2.84414616e+01 3.83942986e+01 2.86310787e+01
    4.06591873e+01 2.95036259e+01 3.99853401e+01 3.14692192e+01
    3.74543839e+01 3.51660271e+01 4.51598930e+01 4.49381638e+01
    4.17173309e+01 5.54488945e+01 4.18322678e+01 6.60627289e+01
    4.13820381e+01 7.69017868e+01 4.27709618e+01 8.76823959e+01
    3.90873070e+01 8.92063370e+01 4.02489700e+01 9.09953842e+01
    4.14186211e+01 9.27474213e+01 4.31329536e+01 9.33940125e+01
    3.74409866e+01 9.31664963e+01 3.75358162e+01 9.19795380e+01
    3.77926712e+01 9.04849091e+01 3.67233200e+01 8.86397171e+01
    3.54230423e+01 8.74755936e+01 3.54022484e+01 7.71274643e+01
    3.46921921e+01 6.68761673e+01 7.01240005e+01 8.70031357e+01
    7.05690155e+01 8.68121185e+01 6.87529678e+01 8.61459885e+01
    6.69879761e+01 8.53175201e+01 6.65277939e+01 8.48375168e+01
    6.58212204e+01 8.41666107e+01 6.08028793e+01 8.32407074e+01
    5.82251587e+01 8.25972137e+01 5.56303520e+01 8.29447250e+01
    5.10646133e+01 7.36348114e+01 4.68091202e+01 6.44324188e+01
    4.51853409e+01 5.55110474e+01 4.50053024e+01 4.65928574e+01
    4.12052498e+01 3.73587685e+01 3.75392265e+01 2.81250858e+01
    4.22711334e+01 1.92238979e+01 3.86919823e+01 1.88362942e+01
    3.99891739e+01 1.79340878e+01 4.28841591e+01 2.84220924e+01
    4.40731659e+01 2.84220924e+01 4.14003487e+01 2.84220924e+01
    4.17559319e+01 2.84220924e+01 4.38885078e+01 2.84220924e+01
    4.56819000e+01 2.84220924e+01 4.29811172e+01 2.84220924e+01
    4.80450974e+01 1.94920769e+01 4.93863411e+01 1.04880085e+01
    4.59306602e+01 4.57763690e-06 4.23113785e+01 4.57763690e-06
    4.27606583e+01 4.57763690e-06 3.82772903e+01 4.57763690e-06
    3.54472809e+01 4.57763690e-06 3.22615471e+01 4.57763690e-06
    3.10126762e+01 4.57763690e-06 2.69571285e+01 4.57763690e-06
    2.14472408e+01 4.57763690e-06 2.11666050e+01 4.57763690e-06
    2.12940407e+01 4.57763690e-06 2.35782127e+01 9.17406082e+00
    2.41250095e+01 1.85905151e+01 2.58715057e+01 2.81815796e+01
    2.67961388e+01 3.86455345e+01 2.91080074e+01 5.07008667e+01
    3.19794674e+01 6.43346786e+01 3.24884949e+01 7.91121674e+01
    3.54214859e+01 9.37257385e+01 4.05993881e+01 1.07582741e+02
    3.96131973e+01 1.10939743e+02 4.51079597e+01 1.12719986e+02
    4.30544510e+01 1.13918579e+02 4.48532791e+01 1.13764786e+02
    4.51413307e+01 1.12116989e+02 4.33534279e+01 1.08918152e+02
    4.86123962e+01 1.05347557e+02 4.93395653e+01 9.07339859e+01
    4.49591141e+01 8.87676392e+01 4.57976227e+01 8.67301331e+01
    4.34475784e+01 8.55909195e+01 4.86452713e+01 8.43709946e+01
    4.61430702e+01 8.33345871e+01 4.89003716e+01 8.16884308e+01
    5.04567680e+01 8.01564331e+01 4.57278595e+01 7.79081879e+01
    4.69023743e+01 8.64802551e+01 4.99367599e+01 7.45895996e+01
    5.13652573e+01 6.40960464e+01 4.86176529e+01 5.40385742e+01
    4.25359421e+01 4.44688377e+01 4.39066200e+01 3.51950912e+01
    3.79370499e+01 2.64337063e+01 3.48520088e+01 1.75307369e+01
    3.74640579e+01 8.57209492e+00 3.58156586e+01 3.28063979e-05
    3.67816658e+01 3.28063979e-05 3.41450729e+01 3.28063979e-05
    3.46584702e+01 8.75712109e+00 3.66040573e+01 1.83608322e+01
    3.60729866e+01 2.80966988e+01 3.63334579e+01 3.70974655e+01
    3.98994751e+01 4.62689590e+01 4.13758774e+01 5.54997177e+01
    4.20138245e+01 6.53776093e+01 3.85995712e+01 7.54180908e+01
    4.45739212e+01 8.59623947e+01 4.88862534e+01 8.83146210e+01
    5.03901024e+01 9.00223312e+01 5.42314682e+01 9.14474030e+01
    5.86194839e+01 9.30593719e+01 6.07929268e+01 9.37913361e+01
    5.78454895e+01 9.35438232e+01 5.86031570e+01 9.21098862e+01
    6.36990662e+01 9.04918060e+01 5.85734634e+01 8.84259872e+01
    5.68932915e+01 8.61419220e+01 5.74381828e+01 8.40377274e+01
    5.27614021e+01 7.28767929e+01 5.00814018e+01 7.19121017e+01
    5.10191307e+01 7.13736877e+01 5.33925095e+01 7.16401443e+01
    5.44542046e+01 7.26543961e+01 5.31813469e+01 7.27249146e+01
    5.29999275e+01 7.29935760e+01 5.39368477e+01 7.33311310e+01
    5.33810120e+01 7.33625565e+01 5.55291939e+01 7.33625565e+01
    5.44733467e+01 6.37145081e+01 5.13580132e+01 5.43494759e+01
    4.86105728e+01 4.50997696e+01 4.63961754e+01 3.56415634e+01
    4.24759903e+01 2.71486359e+01 3.87757339e+01 1.84014835e+01
    3.31418839e+01 9.23869038e+00 3.14095154e+01 3.43322754e-05
    2.72929020e+01 3.43322754e-05 2.66398869e+01 3.43322754e-05
    2.59910736e+01 3.43322754e-05 2.69263268e+01 3.43322754e-05
    2.75204525e+01 3.43322754e-05 2.75190639e+01 3.43322754e-05
    3.39214935e+01 8.83002281e+00 3.92881851e+01 1.74891148e+01
    4.09332809e+01 2.60358028e+01 4.62998009e+01 3.48661118e+01
    4.97112617e+01 4.42390976e+01 5.17977409e+01 5.45569267e+01
    5.45061951e+01 6.54840927e+01 5.63883972e+01 7.69733276e+01
    6.07466431e+01 8.88648834e+01 6.12052994e+01 9.17858734e+01
    6.30993156e+01 9.46697845e+01 6.54627914e+01 9.72386398e+01
    6.79235001e+01 9.87389603e+01 6.85949326e+01 9.90882874e+01
    6.91870270e+01 9.76027527e+01 7.01687088e+01 9.49802933e+01
    6.62853546e+01 9.22028809e+01 6.56847153e+01 8.03113251e+01
    6.30632439e+01 6.85603485e+01 5.79407768e+01 5.70173531e+01
    5.26682625e+01 4.59018021e+01 4.79491196e+01 3.55711746e+01
    4.28654327e+01 2.58488617e+01 4.03122444e+01 1.70165710e+01
    3.39516335e+01 8.71186733e+00 3.24561348e+01 5.11169419e-05
    2.63874111e+01 5.11169419e-05 2.35017262e+01 5.11169419e-05
    2.65134163e+01 9.18467903e+00 2.57461853e+01 1.81539822e+01
    2.63810024e+01 2.70641632e+01 3.01515198e+01 3.60862808e+01
    3.16652870e+01 4.48119164e+01 3.40020523e+01 5.33344841e+01
    3.55049286e+01 6.16928177e+01 4.03178329e+01 7.01411133e+01
    4.21222191e+01 7.86567841e+01 4.06172943e+01 7.79140549e+01
    4.26076736e+01 7.73894577e+01 4.27932739e+01 7.69332352e+01
    4.07341919e+01 7.63768463e+01 4.07628136e+01 7.62501373e+01
    4.11647530e+01 7.64051056e+01 4.24709167e+01 7.65972595e+01
    4.05277443e+01 7.69605255e+01 4.33228264e+01 7.71057968e+01
    4.44827156e+01 7.70786972e+01 4.74292259e+01 7.70746613e+01
    4.73905830e+01 7.76263657e+01 4.98521805e+01 6.91606369e+01
    4.70103645e+01 6.05617142e+01 4.47911530e+01 5.18841782e+01
    4.15939674e+01 4.33336906e+01 3.93345108e+01 3.45221291e+01
    3.35633163e+01 2.58611908e+01 2.96701298e+01 1.74463863e+01
    2.45798264e+01 9.00572109e+00 2.32132530e+01 5.72204590e-05
    2.04061165e+01 5.72204590e-05 2.24785404e+01 5.72204590e-05
    2.07256355e+01 5.72204590e-05 2.42167797e+01 9.76404667e+00
    2.41298409e+01 1.89724617e+01 2.97760506e+01 2.82797947e+01
    2.92728424e+01 3.81271820e+01 3.32640495e+01 4.76984787e+01
    3.72286568e+01 5.74391479e+01 3.72315216e+01 6.73868484e+01
    3.63070679e+01 7.74391022e+01 4.04661026e+01 8.78705597e+01
    4.25017662e+01 8.83626785e+01 4.54339027e+01 8.98613815e+01
    4.46606216e+01 9.12231903e+01 4.92471962e+01 9.15724640e+01
    5.23538208e+01 9.20209198e+01 5.41467209e+01 9.23389969e+01
    5.77957993e+01 9.21584396e+01 6.28370781e+01 9.18227692e+01
    6.61240997e+01 9.09876480e+01 6.58221359e+01 9.01155548e+01
    6.93351822e+01 8.86206665e+01 6.76913681e+01 8.71453018e+01
    6.74548035e+01 8.55459747e+01 6.41628876e+01 8.39863052e+01
    6.30729675e+01 8.23456573e+01 6.10652885e+01 8.12382584e+01
    5.71724358e+01 8.02539215e+01 5.62916489e+01 7.93722992e+01
    5.39546814e+01 6.99882889e+01 5.21106796e+01 6.07760506e+01
    5.04461136e+01 6.07664566e+01 4.95428734e+01 5.21691208e+01
