<?xml version="1.0"?>
<opencv_storage>
<graph_buffer type_id="opencv-matrix">
  <rows>2000</rows>
  <cols>2</cols>
  <dt>f</dt>
  <data>
    2.17505989e+01 3.57773705e+01 2.22771835e+01 3.23399277e+01
    2.18474312e+01 2.88116570e+01 2.07150993e+01 2.51041050e+01
    1.89338493e+01 2.17388268e+01 1.67168159e+01 1.90906544e+01
    1.65131130e+01 1.70203590e+01 1.61036625e+01 1.56460752e+01
    1.68156815e+01 1.47012081e+01 1.67092972e+01 1.40878801e+01
    1.59864826e+01 1.39977322e+01 1.59476395e+01 1.42459078e+01
    1.50411377e+01 1.46399965e+01 1.51464252e+01 1.50773144e+01
    1.50549107e+01 1.51705904e+01 1.42218952e+01 1.53401508e+01
    1.42370024e+01 1.55767336e+01 1.42744570e+01 1.56803150e+01
    1.33557081e+01 1.57723866e+01 1.30558519e+01 1.59087725e+01
    1.45275803e+01 1.61250572e+01 1.46292877e+01 1.65771561e+01
    1.51265154e+01 1.69021435e+01 1.72729988e+01 1.70196781e+01
    1.73705063e+01 1.69507599e+01 1.81222382e+01 1.67004490e+01
    1.90062370e+01 1.64675331e+01 1.76610432e+01 1.63258553e+01
    1.69967899e+01 1.63314762e+01 1.81479378e+01 1.64618359e+01
    1.72252522e+01 1.66363621e+01 1.76292973e+01 1.67791214e+01
    1.75407677e+01 1.67392960e+01 1.61056118e+01 1.66791019e+01
    1.64372444e+01 1.66694908e+01 1.66740017e+01 1.65916729e+01
    1.63805943e+01 1.69008102e+01 1.64281502e+01 1.73425617e+01
    1.67577019e+01 1.80060635e+01 1.64943199e+01 1.87669849e+01
    1.69877033e+01 1.94224434e+01 1.69894142e+01 2.01318016e+01
    1.79414864e+01 2.06746998e+01 1.94246979e+01 2.14123878e+01
    1.94664650e+01 2.21590996e+01 1.93748112e+01 2.30128269e+01
    1.85837135e+01 2.40252876e+01 1.74363594e+01 2.49711266e+01
    1.73229542e+01 2.56521263e+01 1.87749634e+01 2.61261234e+01
    1.85977898e+01 2.63886871e+01 1.92835846e+01 2.63856087e+01
    1.92910614e+01 2.64272957e+01 1.81447411e+01 2.65363369e+01
    1.80866661e+01 2.67284126e+01 1.72895622e+01 2.72024422e+01
    1.69393730e+01 2.78561459e+01 1.69997654e+01 2.85874023e+01
    1.65199070e+01 2.94908237e+01 1.65907803e+01 3.04813290e+01
    1.78715553e+01 3.18603420e+01 1.77664146e+01 3.28475037e+01
    1.96406879e+01 3.36001472e+01 2.00855064e+01 3.43159370e+01
    2.12669392e+01 3.44746208e+01 2.27882195e+01 3.55395737e+01
    2.45099335e+01 3.64174271e+01 2.48503532e+01 3.75288010e+01
    2.32306404e+01 3.81541252e+01 2.35828743e+01 3.73744888e+01
    2.08543091e+01 3.57735977e+01 2.00147457e+01 3.30333633e+01
    2.03058643e+01 3.01666107e+01 1.99231930e+01 2.71912842e+01
    2.10647144e+01 2.44961205e+01 2.06108837e+01 2.19537392e+01
    2.01867428e+01 1.94287071e+01 1.85299568e+01 1.72870274e+01
    1.67579155e+01 1.65362396e+01 1.86742020e+01 1.62590332e+01
    1.94642067e+01 1.77239723e+01 2.02546463e+01 1.91170502e+01
    2.15472679e+01 1.98277283e+01 2.04030094e+01 2.07649384e+01
    1.98967762e+01 2.11095886e+01 2.01535854e+01 2.21625023e+01
    1.97242470e+01 2.37676792e+01 2.10797749e+01 2.59269524e+01
    2.14810047e+01 2.79795589e+01 2.21606884e+01 3.06492920e+01
    2.34677162e+01 3.34569321e+01 2.26317291e+01 3.59440308e+01
    2.16012783e+01 3.80515823e+01 2.12632866e+01 3.89763985e+01
    2.01125908e+01 3.84600143e+01 1.93548794e+01 3.72431335e+01
    1.99339256e+01 3.54457130e+01 1.84165325e+01 3.34154243e+01
    1.80021763e+01 3.13996773e+01 1.90991402e+01 2.92791805e+01
    1.89736443e+01 2.70099678e+01 2.01793995e+01 2.45264950e+01
    1.91544991e+01 2.20966129e+01 1.79341354e+01 1.93584557e+01
    1.66348381e+01 1.67670841e+01 1.74683208e+01 1.51532927e+01
    1.76402855e+01 1.41047344e+01 1.65930634e+01 1.35680161e+01
    1.66753273e+01 1.36505451e+01 1.46088791e+01 1.34385815e+01
    1.53164425e+01 1.32918091e+01 1.50858707e+01 1.33533659e+01
    1.53450069e+01 1.32320890e+01 1.47325087e+01 1.34682674e+01
    1.45599213e+01 1.38017292e+01 1.54488506e+01 1.41429596e+01
    1.71219482e+01 1.46869383e+01 1.80322247e+01 1.49135437e+01
    1.83849068e+01 1.51307697e+01 1.80077095e+01 1.54529543e+01
    1.74929180e+01 1.57964096e+01 1.73836441e+01 1.62933350e+01
    1.58968945e+01 1.66708031e+01 1.58731976e+01 1.68703251e+01
    1.53781433e+01 1.70320873e+01 1.58174334e+01 1.71671562e+01
    1.74913940e+01 1.77095699e+01 1.86085567e+01 1.85853519e+01
    1.81497746e+01 1.92723160e+01 1.79974918e+01 1.98328857e+01
    1.83029671e+01 2.01992645e+01 1.76317425e+01 2.02821960e+01
    1.76429977e+01 2.06472168e+01 1.77165527e+01 2.13750763e+01
    1.64314880e+01 2.19816704e+01 1.65228024e+01 2.31820469e+01
    1.60270653e+01 2.41628094e+01 1.60469036e+01 2.48983650e+01
    1.72450905e+01 2.59165134e+01 1.70585938e+01 2.63855476e+01
    1.94391289e+01 2.68126640e+01 2.00566978e+01 2.72355347e+01
    2.12082844e+01 2.73330231e+01 2.26169453e+01 2.75374546e+01
    2.21900005e+01 2.75886326e+01 2.24574547e+01 2.81742897e+01
    2.14087200e+01 2.89302425e+01 2.12920742e+01 3.00861397e+01
    2.12285957e+01 3.13315334e+01 2.13787003e+01 3.17536125e+01
    2.12393494e+01 3.20700989e+01 2.05612354e+01 3.14320431e+01
    1.82864990e+01 2.99862881e+01 1.73440895e+01 2.79597664e+01
    1.57981539e+01 2.51783543e+01 1.64555912e+01 2.26139946e+01
    1.67284870e+01 2.03985653e+01 1.53654385e+01 1.74476376e+01
    1.62115650e+01 1.43767223e+01 1.63073616e+01 1.08036146e+01
    1.92731247e+01 7.39581299e+00 2.03386078e+01 7.65185452e+00
    1.96704445e+01 8.69038582e+00 1.88757820e+01 1.04831066e+01
    1.59270382e+01 1.27700052e+01 1.65451927e+01 1.30925417e+01
    1.64783306e+01 1.33033390e+01 1.67433510e+01 1.34984713e+01
    1.73565540e+01 1.37283678e+01 1.70573902e+01 1.39374237e+01
    1.67228947e+01 1.43487425e+01 1.55650845e+01 1.48150148e+01
    1.65820808e+01 1.52044678e+01 1.73310280e+01 1.56668777e+01
    1.81545544e+01 1.61934891e+01 1.84608192e+01 1.68258858e+01
    1.75629559e+01 1.75156898e+01 1.59283314e+01 1.81087360e+01
    1.55498552e+01 1.86679993e+01 1.60431118e+01 1.92966213e+01
    1.66963634e+01 2.01211262e+01 1.67700825e+01 2.11317120e+01
    1.76551952e+01 2.23545456e+01 1.75870609e+01 2.35785637e+01
    1.78412800e+01 2.46656227e+01 1.84278336e+01 2.54588737e+01
    1.82678623e+01 2.57960415e+01 1.74157715e+01 2.56590233e+01
    1.74223213e+01 2.51364441e+01 1.79610195e+01 2.44215584e+01
    1.88125401e+01 2.39597244e+01 1.99525719e+01 2.37957649e+01
    1.96672020e+01 2.41911068e+01 2.01589146e+01 2.48642178e+01
    1.98954506e+01 2.56216393e+01 2.06618137e+01 2.64637718e+01
    1.97691040e+01 2.71877689e+01 1.98721294e+01 2.81836967e+01
    1.98474846e+01 2.96509514e+01 1.98834591e+01 3.14554634e+01
    2.20959587e+01 3.37236252e+01 2.15623779e+01 3.62569008e+01
    2.14607735e+01 3.83488464e+01 2.14152641e+01 3.96369209e+01
    2.11305218e+01 3.95194626e+01 2.15258522e+01 3.81746368e+01
    2.11372089e+01 3.53765259e+01 1.97767754e+01 3.18587036e+01
    1.80643349e+01 2.83923550e+01 1.69570312e+01 2.49803352e+01
    1.80493050e+01 2.26174507e+01 1.81389523e+01 2.08342552e+01
    1.75412006e+01 1.94555130e+01 1.77727013e+01 1.85222969e+01
    1.74980354e+01 1.74547977e+01 1.76180077e+01 1.68285122e+01
    1.78185310e+01 1.64021358e+01 1.79831696e+01 1.64235573e+01
    1.74940453e+01 1.70114307e+01 1.72557831e+01 1.77877350e+01
    1.77061691e+01 1.90462627e+01 2.04182148e+01 2.01173382e+01
    2.19003544e+01 2.11248722e+01 2.21966057e+01 2.22848282e+01
    2.25194664e+01 2.32744312e+01 2.08652458e+01 2.41791401e+01
    1.97584381e+01 2.50180683e+01 2.08813324e+01 2.58025761e+01
    2.24062843e+01 2.65001278e+01 2.23612709e+01 2.72055149e+01
    2.20752163e+01 2.78658695e+01 2.13891869e+01 2.82787971e+01
    2.03756695e+01 2.85113163e+01 1.97823257e+01 2.85918217e+01
    2.06234798e+01 2.88309174e+01 2.08453026e+01 2.92549686e+01
    2.32029934e+01 2.98586025e+01 2.34601002e+01 3.01574039e+01
    2.29811134e+01 3.01479588e+01 2.26483116e+01 2.91604881e+01
    1.98049812e+01 2.73271828e+01 1.97047634e+01 2.59132195e+01
    1.93911171e+01 2.45310555e+01 2.02184868e+01 2.36064548e+01
