<?xml version="1.0"?>
<opencv_storage>
<graph_buffer type_id="opencv-matrix">
  <rows>2000</rows>
  <cols>2</cols>
  <dt>f</dt>
  <data>
    3.58039474e+01 6.37397156e+01 3.63239975e+01 7.59478989e+01
    3.76320724e+01 8.78079300e+01 4.18581848e+01 9.89632492e+01
    4.79372444e+01 9.94714661e+01 4.92482834e+01 9.97676544e+01
    5.11892357e+01 9.89910965e+01 5.54627914e+01 9.74467621e+01
    5.35332260e+01 9.41867218e+01 5.32037659e+01 8.14341965e+01
    5.16667671e+01 7.50602264e+01 5.21532707e+01 6.74654388e+01
    5.02256050e+01 5.86846504e+01 4.64796028e+01 4.87883224e+01
    4.75857582e+01 3.88411789e+01 4.82865181e+01 2.88644104e+01
    4.21834335e+01 1.89653015e+01 3.71250687e+01 9.22062492e+00
    3.36270561e+01 9.30786118e-05 3.03423271e+01 9.30786118e-05
    2.77776337e+01 9.30786118e-05 2.39804859e+01 9.30786118e-05
    2.11367455e+01 9.30786118e-05 1.92021580e+01 9.30786118e-05
    1.56393175e+01 9.30786118e-05 2.11460190e+01 9.30786118e-05
    2.27714672e+01 9.30786118e-05 2.41857872e+01 9.30786118e-05
    2.48607845e+01 9.30786118e-05 2.66381950e+01 9.30786118e-05
    2.93618107e+01 9.30786118e-05 3.23156662e+01 9.30786118e-05
    3.22102623e+01 9.30786118e-05 3.43997955e+01 9.21138859e+00
    3.24410172e+01 1.79874630e+01 3.26745224e+01 2.65751095e+01
    3.37674789e+01 3.55707779e+01 3.86281052e+01 4.51562119e+01
    3.85516663e+01 5.51739311e+01 3.93054886e+01 6.54809799e+01
    4.17509537e+01 7.56640167e+01 4.29546013e+01 8.53700714e+01
    4.55085487e+01 8.55509872e+01 4.84831429e+01 8.59337463e+01
    5.12129326e+01 8.62237778e+01 5.40718765e+01 8.59739075e+01
    5.46055298e+01 8.48617706e+01 5.46420670e+01 8.32940979e+01
    5.84834976e+01 8.14416351e+01 5.56799011e+01 8.04627838e+01
    5.67517815e+01 7.07567291e+01 5.54760742e+01 6.13645096e+01
    5.38305550e+01 5.22056770e+01 5.19314194e+01 4.33279991e+01
    4.87370644e+01 3.45821991e+01 4.43157845e+01 2.61088982e+01
    4.62705498e+01 1.76588593e+01 4.14978104e+01 9.20427799e+00
    4.07244644e+01 9.46044893e-05 3.99780388e+01 9.46044893e-05
    3.81180763e+01 9.46044893e-05 4.00816879e+01 9.46044893e-05
    4.12058029e+01 9.46044893e-05 3.94720230e+01 9.46044893e-05
    3.86225357e+01 9.46044893e-05 3.34802933e+01 9.46044893e-05
    3.28330841e+01 9.46044893e-05 3.57697449e+01 9.46044893e-05
    3.29909325e+01 2.06260680e-04 3.26448174e+01 1.96800247e-04
    3.07921848e+01 1.87339800e-04 2.91421928e+01 1.77879352e-04
    2.70238686e+01 1.68418905e-04 2.84815426e+01 1.58958457e-04
    3.08790836e+01 1.49498024e-04 3.36721840e+01 1.40037577e-04
    3.29915619e+01 1.00279140e+01 3.52270966e+01 2.03005466e+01
    3.45980148e+01 3.04515800e+01 3.59920158e+01 4.08971939e+01
    3.85122452e+01 5.19431763e+01 4.10307808e+01 6.28245163e+01
    4.21447067e+01 7.38202515e+01 4.25437088e+01 8.42488251e+01
    4.20319595e+01 9.45252075e+01 4.16666603e+01 9.47097015e+01
    4.26908722e+01 9.45512314e+01 4.55437851e+01 8.44001999e+01
    4.40834122e+01 7.39545898e+01 4.31652412e+01 6.29086113e+01
    4.52113571e+01 5.20272713e+01 4.37180099e+01 5.02596893e+01
    4.16232986e+01 4.89055824e+01 3.79311752e+01 4.78067856e+01
    3.89644890e+01 4.65107651e+01 3.94803352e+01 3.63966064e+01
    3.64277687e+01 3.63966064e+01 3.61084518e+01 3.63966064e+01
    3.88477783e+01 3.63966064e+01 3.92964630e+01 3.63966064e+01
    3.75553970e+01 2.71684475e+01 4.19143143e+01 1.80939846e+01
    4.38924217e+01 8.91639709e+00 4.13734512e+01 1.37329102e-04
    3.75497742e+01 1.37329102e-04 3.70377274e+01 1.37329102e-04
    3.53757362e+01 1.37329102e-04 3.09586277e+01 1.37329102e-04
    2.91266518e+01 1.37329102e-04 2.96025887e+01 1.37329102e-04
    2.33751526e+01 1.37329102e-04 2.37073936e+01 1.37329102e-04
    2.38142872e+01 1.37329102e-04 2.45244522e+01 1.37329102e-04
    2.41963863e+01 1.37329102e-04 2.44609833e+01 1.37329102e-04
    2.46877556e+01 1.37329102e-04 2.48460083e+01 1.37329102e-04
    2.38746891e+01 1.37329102e-04 2.61069279e+01 1.37329102e-04
    2.24215450e+01 1.37329102e-04 2.29903927e+01 8.95465374e+00
    2.33020210e+01 1.77476807e+01 2.52017403e+01 2.68377113e+01
    2.68583927e+01 3.61165352e+01 2.85996399e+01 4.66573868e+01
    2.84806156e+01 6.00026131e+01 3.15500488e+01 7.46308289e+01
    3.15165977e+01 8.91257477e+01 3.52036896e+01 1.02401550e+02
    3.60954399e+01 1.05277504e+02 4.04579391e+01 1.07223434e+02
    4.14506493e+01 1.08189453e+02 4.44267197e+01 1.08186729e+02
    4.60777016e+01 1.06305130e+02 4.71833496e+01 1.01941818e+02
    4.81105843e+01 8.73135986e+01 5.08814583e+01 7.28186798e+01
    5.30507317e+01 5.95428772e+01 5.42624397e+01 4.77124100e+01
    5.40991325e+01 3.69734421e+01 5.39576416e+01 2.69174042e+01
    5.06616745e+01 1.76413059e+01 4.84741135e+01 8.98205280e+00
    4.84368095e+01 1.43432611e-04 4.93865128e+01 1.43432611e-04
    4.68373032e+01 1.43432611e-04 4.64097824e+01 1.43432611e-04
    4.27454910e+01 9.78700829e+00 3.88849258e+01 1.89480038e+01
    3.90475769e+01 2.80790443e+01 3.67472572e+01 3.70974426e+01
    3.78894539e+01 4.64243088e+01 3.85058708e+01 5.57481194e+01
    3.49569664e+01 6.45622787e+01 3.67238998e+01 7.30827408e+01
    3.84814377e+01 8.16361542e+01 3.89879150e+01 8.08770905e+01
    4.03841400e+01 8.08364792e+01 3.85028496e+01 8.08763962e+01
    3.95438919e+01 7.18579941e+01 3.94692001e+01 6.25311356e+01
    2.37035408e+01 5.32073250e+01 2.85880547e+01 5.96261902e+01
    3.00895882e+01 5.31699638e+01 3.30106468e+01 4.58616905e+01
    3.35996170e+01 3.76980782e+01 3.32347450e+01 2.96103706e+01
    3.04820557e+01 2.15267220e+01 3.10567722e+01 1.34390812e+01
    3.39051285e+01 6.25328159e+00 3.07995243e+01 1.67846680e-04
    2.70672493e+01 1.67846680e-04 3.58608017e+01 1.67846680e-04
    3.63032990e+01 1.67846680e-04 3.47958832e+01 1.67846680e-04
    2.98455238e+01 1.67846680e-04 2.95584660e+01 1.67846680e-04
    2.80367012e+01 1.67846680e-04 2.92711525e+01 1.67846680e-04
    2.67804909e+01 1.67846680e-04 2.52814426e+01 1.67846680e-04
    2.69188995e+01 6.51120758e+01 2.79500694e+01 7.51073380e+01
    2.78797550e+01 8.56430817e+01 2.91998997e+01 8.80674591e+01
    3.16273441e+01 9.01360168e+01 3.42160416e+01 9.13084488e+01
    3.49974327e+01 9.31037064e+01 4.04091568e+01 9.40301437e+01
    4.02985916e+01 9.39098053e+01 4.21631279e+01 9.26509323e+01
    4.88215866e+01 9.11726151e+01 4.59051552e+01 8.87240143e+01
    4.53246994e+01 8.63002777e+01 3.79543381e+01 8.41065216e+01
    3.60755081e+01 7.28860931e+01 3.44395409e+01 6.22317734e+01
    3.46713524e+01 6.15259476e+01 3.44261856e+01 6.15888176e+01
    3.48543472e+01 6.22227249e+01 3.38705406e+01 6.24974289e+01
    3.41604462e+01 6.30275955e+01 3.25180130e+01 6.31704941e+01
    3.44346542e+01 6.32944527e+01 3.29813461e+01 7.25442657e+01
    3.26941109e+01 7.25442657e+01 3.78462944e+01 6.32961617e+01
    4.06052284e+01 5.40068245e+01 4.22370758e+01 4.48495827e+01
    4.18928413e+01 3.60579414e+01 4.24752846e+01 2.74406395e+01
    4.42299118e+01 1.85415688e+01 4.24145737e+01 9.24981117e+00
    4.44322090e+01 -1.52587893e-06 4.08659630e+01 -1.52587893e-06
    3.46901627e+01 -1.52587893e-06 3.24460068e+01 -1.52587893e-06
    2.92191868e+01 -1.52587893e-06 2.67289944e+01 -1.52587893e-06
    2.47582588e+01 9.21928596e+00 2.52328815e+01 1.78108139e+01
    2.57371521e+01 2.66571846e+01 2.49036713e+01 3.54070206e+01
    2.87686806e+01 4.47547684e+01 3.18464165e+01 5.49012833e+01
    3.46097107e+01 6.57498093e+01 4.02395477e+01 7.72039413e+01
    4.39536858e+01 8.90425415e+01 4.77851753e+01 9.16038208e+01
    4.79213448e+01 9.44082260e+01 5.32217789e+01 9.67987366e+01
    5.60151062e+01 9.85519104e+01 5.85545273e+01 9.87564774e+01
    5.75110054e+01 9.78209915e+01 5.96833305e+01 9.52535706e+01
    5.71727791e+01 9.23975525e+01 5.67975082e+01 8.95945282e+01
    5.70880966e+01 7.78139572e+01 5.56939278e+01 6.64180145e+01
    5.25298080e+01 5.51811333e+01 5.01080780e+01 4.46781235e+01
    4.71309738e+01 3.51258125e+01 4.62742538e+01 2.59147758e+01
