<?xml version="1.0"?>
<opencv_storage>
<graph_buffer type_id="opencv-matrix">
  <rows>1000</rows>
  <cols>2</cols>
  <dt>f</dt>
  <data>
    0. 0. 7.74920807e+01 9.61050644e+01 6.84583664e+01 9.61481247e+01
    5.95476379e+01 9.69707489e+01 5.04638329e+01 9.68576965e+01
    4.13214493e+01 9.68152008e+01 3.22146912e+01 9.66878433e+01
    2.32262630e+01 9.66414795e+01 1.42312393e+01 9.65632401e+01
    5.25155735e+00 9.65041351e+01 5.25155735e+00 9.65606003e+01
    5.25155735e+00 9.67458801e+01 5.25155735e+00 9.61819916e+01
    5.25155735e+00 9.62625198e+01 5.25155735e+00 9.63851013e+01
    5.25155735e+00 9.62618942e+01 5.25155735e+00 9.64329071e+01
    5.25155735e+00 9.69711380e+01 5.25155735e+00 9.69809647e+01
    5.25155735e+00 9.66132889e+01 5.25155735e+00 9.64526520e+01
    5.25155735e+00 9.63939285e+01 5.25155735e+00 9.67768631e+01
    5.25155735e+00 9.69832306e+01 5.25155735e+00 9.71000061e+01
    5.25155735e+00 9.71539307e+01 5.25155735e+00 9.73656540e+01
    5.25155735e+00 9.74187164e+01 5.25155735e+00 9.75634918e+01
    5.25155735e+00 9.72469025e+01 5.25155735e+00 9.73938828e+01
    5.25155735e+00 9.70130768e+01 5.25155735e+00 9.72854462e+01
    5.25155735e+00 9.76206055e+01 5.25155735e+00 9.77789001e+01
    5.25155735e+00 9.71965256e+01 5.25155735e+00 9.70313797e+01
    5.25155735e+00 9.75675507e+01 5.25155735e+00 9.82277679e+01
    5.25155735e+00 9.81094666e+01 5.25155735e+00 9.78145523e+01
    5.25155735e+00 9.73230743e+01 5.25155735e+00 9.66096878e+01
    5.25155735e+00 9.64939270e+01 5.25155735e+00 9.67976837e+01
    5.25155735e+00 9.72944489e+01 5.25155735e+00 9.71789093e+01
    5.25155735e+00 9.70087433e+01 5.25155735e+00 9.75098953e+01
    5.25155735e+00 9.83642807e+01 5.25155735e+00 9.86074371e+01
    5.25155735e+00 9.91309738e+01 5.25155735e+00 9.91257172e+01
    5.25155735e+00 9.88397064e+01 5.25155735e+00 9.85160370e+01
    5.25155735e+00 9.79994431e+01 5.25155735e+00 9.76687469e+01
    5.25155735e+00 9.77969284e+01 5.25155735e+00 9.76090240e+01
    5.25155735e+00 9.79824905e+01 5.25155735e+00 9.81493607e+01
    5.25155735e+00 9.84497604e+01 5.25155735e+00 9.86291809e+01
    5.25155735e+00 9.88171539e+01 5.25155735e+00 9.91337585e+01
    5.25155735e+00 9.95363693e+01 5.25155735e+00 9.87600784e+01
    5.25155735e+00 9.79722214e+01 5.25155735e+00 9.69949493e+01
    5.25155735e+00 9.65329285e+01 5.25155735e+00 9.62942810e+01
    5.25155735e+00 9.67399216e+01 5.25155735e+00 9.67053680e+01
    5.25155735e+00 9.65687485e+01 5.25155735e+00 9.64379883e+01
    5.25155735e+00 9.65434036e+01 5.25155735e+00 9.69814529e+01
    5.25155735e+00 9.74209900e+01 5.25155735e+00 9.78975906e+01
    5.25155735e+00 9.81081696e+01 5.25155735e+00 9.78275681e+01
    5.25155735e+00 9.75740967e+01 5.25155735e+00 9.81011505e+01
    5.25155735e+00 9.79923859e+01 5.25155735e+00 9.84002838e+01
    5.25155735e+00 9.85844421e+01 5.25155735e+00 9.87262802e+01
    5.25155735e+00 9.80782394e+01 5.25155735e+00 9.78652191e+01
    5.25155735e+00 9.81252899e+01 5.25155735e+00 9.82703400e+01
    5.25155735e+00 9.77172699e+01 5.25155735e+00 9.79977417e+01
    5.25155735e+00 9.80679474e+01 5.25155735e+00 9.84470673e+01
    5.25155735e+00 9.83761749e+01 5.25155735e+00 9.82906342e+01
    5.25155735e+00 9.81034546e+01 5.25155735e+00 9.72860641e+01
    5.25155735e+00 9.67922516e+01 5.25155735e+00 9.64094086e+01
    5.25155735e+00 9.58261414e+01 5.25155735e+00 9.52719269e+01
    5.25155735e+00 9.45746536e+01 5.25155735e+00 9.41503677e+01
    5.25155735e+00 9.43049393e+01 5.25155735e+00 9.43651352e+01
    5.25155735e+00 9.45514679e+01 5.25155735e+00 9.49499817e+01
    5.25155735e+00 9.52804337e+01 5.25155735e+00 9.55304337e+01
    5.25155735e+00 9.62848587e+01 5.25155735e+00 9.65909119e+01
    5.25155735e+00 9.69690933e+01 5.25155735e+00 9.72406082e+01
    5.25155735e+00 9.74283295e+01 5.25155735e+00 9.79835663e+01
    5.25155735e+00 9.81768265e+01 5.25155735e+00 9.84345779e+01
    5.25155735e+00 9.81611557e+01 5.25155735e+00 9.75193329e+01
    5.25155735e+00 9.71446228e+01 5.25155735e+00 9.69013748e+01
    5.25155735e+00 9.69184799e+01 5.25155735e+00 9.70703049e+01
    5.25155735e+00 9.70944672e+01 5.25155735e+00 9.69197845e+01
    5.25155735e+00 9.72407990e+01 5.25155735e+00 9.80682068e+01
    5.25155735e+00 9.82468719e+01 5.25155735e+00 9.85751724e+01
    5.25155735e+00 9.84156647e+01 5.25155735e+00 9.81396027e+01
    5.25155735e+00 9.74798737e+01 5.25155735e+00 9.73467255e+01
    5.25155735e+00 9.75960770e+01 5.25155735e+00 9.75902939e+01
    5.25155735e+00 9.70713806e+01 5.25155735e+00 9.69806519e+01
    5.25155735e+00 9.66850052e+01 5.25155735e+00 9.69726715e+01
    5.25155735e+00 9.68342514e+01 5.25155735e+00 9.69641266e+01
    5.25155735e+00 9.63170395e+01 5.25155735e+00 9.60755310e+01
    5.25155735e+00 9.58692780e+01 5.25155735e+00 9.57928619e+01
    5.25155735e+00 9.55649567e+01 5.25155735e+00 9.58498611e+01
    5.25155735e+00 9.56326141e+01 5.25155735e+00 9.58499832e+01
    5.25155735e+00 9.59494476e+01 5.25155735e+00 9.62425232e+01
    5.25155735e+00 9.60095901e+01 5.25155735e+00 9.54768524e+01
    5.25155735e+00 9.58393021e+01 5.25155735e+00 9.62430496e+01
    5.25155735e+00 9.69925842e+01 5.25155735e+00 9.79909210e+01
    5.25155735e+00 9.79201736e+01 5.25155735e+00 9.82085114e+01
    5.25155735e+00 9.90392914e+01 5.25155735e+00 1.00001083e+02
    5.25155735e+00 1.00690262e+02 5.25155735e+00 1.00772995e+02
    5.25155735e+00 1.00876640e+02 5.25155735e+00 1.00234650e+02
    5.25155735e+00 9.98079071e+01 5.25155735e+00 1.00020065e+02
    5.25155735e+00 9.99856262e+01 5.25155735e+00 9.92972717e+01
    5.25155735e+00 9.85819778e+01 5.25155735e+00 9.82358704e+01
    5.25155735e+00 9.79070587e+01 5.25155735e+00 9.74228058e+01
    5.25155735e+00 9.76731720e+01 5.25155735e+00 9.75765915e+01
    5.25155735e+00 9.78061066e+01 5.25155735e+00 9.75525589e+01
    5.25155735e+00 9.72008514e+01 5.25155735e+00 9.69336090e+01
    5.25155735e+00 9.72435455e+01 5.25155735e+00 9.72241974e+01
    5.25155735e+00 9.76352310e+01 5.25155735e+00 9.72238235e+01
    5.25155735e+00 9.67455597e+01 5.25155735e+00 9.68607101e+01
    1.44454269e+01 8.92663498e+01 2.35434227e+01 9.02722015e+01
    3.28339729e+01 9.10305099e+01 4.19327888e+01 9.19579697e+01
    5.10822525e+01 9.30687637e+01 6.01842880e+01 9.40665741e+01
    6.93259583e+01 9.49212418e+01 7.83982544e+01 9.59541702e+01
    9.66096687e+00 8.46941528e+01 1.94652233e+01 8.55578156e+01
    2.92170963e+01 8.73292236e+01 3.90401077e+01 8.88471222e+01
    4.87105637e+01 9.04592285e+01 5.84220695e+01 9.19265518e+01
    6.79319305e+01 9.30223770e+01 7.76553726e+01 9.45495682e+01
    8.73689575e+01 9.62870712e+01 8.75046921e+01 9.63721695e+01
    8.73890228e+01 9.66660995e+01 8.73377838e+01 9.67998276e+01
    8.71909256e+01 9.68073807e+01 8.72415009e+01 9.70655441e+01
    8.71848679e+01 9.72250443e+01 8.72726288e+01 9.74420853e+01
    8.74055634e+01 9.72131882e+01 8.71984100e+01 9.67313919e+01
    8.70191803e+01 9.72651825e+01 8.70868073e+01 9.72467957e+01
    8.70686951e+01 9.72154083e+01 8.71413193e+01 9.69922180e+01
    8.70468903e+01 9.66869354e+01 8.70951996e+01 9.61844482e+01
    8.71677322e+01 9.60793991e+01 8.70826263e+01 9.62139130e+01
    8.74313889e+01 9.65429840e+01 8.76702805e+01 9.66167450e+01
    8.76136932e+01 9.67611160e+01 8.75881500e+01 9.68969650e+01
    8.75549316e+01 9.71138535e+01 8.76191864e+01 9.70449448e+01
    8.76266708e+01 9.73697891e+01 8.76128464e+01 9.76257706e+01
    8.76290894e+01 9.75385437e+01 8.74367828e+01 9.71470032e+01
    8.73052521e+01 9.64969406e+01 8.73236542e+01 9.64944534e+01
    8.73200302e+01 9.68829575e+01 8.72903595e+01 9.73401566e+01
    8.73899078e+01 9.79012527e+01 8.74390717e+01 9.80644379e+01
    8.73933563e+01 9.77614975e+01 8.72826080e+01 9.72578049e+01
    8.74376907e+01 9.71800995e+01 8.73469391e+01 9.71912994e+01
    8.73194504e+01 9.71462097e+01 8.73388824e+01 9.63719940e+01
    8.73473053e+01 9.57592087e+01 8.71898346e+01 9.52827377e+01
