<?xml version="1.0"?>
<opencv_storage>
<graph_buffer type_id="opencv-matrix">
  <rows>2000</rows>
  <cols>2</cols>
  <dt>f</dt>
  <data>
    1.82495880e+02 1.92328644e+02 1.67064377e+02 1.73202377e+02
    1.55678146e+02 1.64699509e+02 1.47154190e+02 2.09560211e+02
    1.42092850e+02 2.30263702e+02 1.37280823e+02 2.18453293e+02
    1.26744232e+02 1.94585754e+02 1.25183029e+02 1.65699554e+02
    1.20214401e+02 1.49186844e+02 1.15604622e+02 1.43823547e+02
    1.15164185e+02 1.34490891e+02 1.06297218e+02 1.29705780e+02
    1.05379715e+02 1.32168442e+02 1.04349213e+02 1.23795959e+02
    1.01355202e+02 1.19505455e+02 9.73597870e+01 1.14526344e+02
    9.28229370e+01 1.09919853e+02 8.88738403e+01 9.94229965e+01
    8.45714798e+01 1.01295418e+02 8.27600937e+01 1.00487160e+02
    8.23121796e+01 1.02222198e+02 8.20016479e+01 1.01645065e+02
    8.19298782e+01 1.04720482e+02 8.35786209e+01 1.06354424e+02
    8.18896027e+01 1.09902458e+02 8.33577957e+01 1.13836151e+02
    8.30196152e+01 1.13703896e+02 8.70261765e+01 1.21587631e+02
    9.23469925e+01 1.32188980e+02 1.01094261e+02 1.35610367e+02
    1.03440163e+02 1.28453644e+02 1.13958397e+02 1.38070312e+02
    1.24604073e+02 1.49254425e+02 1.35009567e+02 1.67405579e+02
    1.49115173e+02 1.86741837e+02 1.55419083e+02 1.87593781e+02
    1.72413513e+02 1.87593781e+02 1.83142395e+02 2.36293411e+02
    1.98493423e+02 2.77763062e+02 2.10970139e+02 2.76955688e+02
    2.10571747e+02 2.91540283e+02 2.09988373e+02 3.10067535e+02
    2.13027328e+02 3.02307373e+02 2.10715302e+02 3.02307373e+02
    2.10847870e+02 2.95740662e+02 2.10679276e+02 3.02621674e+02
    1.95186050e+02 2.90093231e+02 1.81352921e+02 2.52974152e+02
    1.68855377e+02 2.50666946e+02 1.56779007e+02 2.30866943e+02
    1.52434860e+02 2.07421387e+02 1.39281113e+02 1.87670990e+02
    1.25224777e+02 1.74627655e+02 1.11808296e+02 1.41424881e+02
    9.88657303e+01 1.39368607e+02 9.72059402e+01 1.27421265e+02
    9.37456360e+01 1.17984406e+02 8.94674759e+01 1.06785446e+02
    8.59016190e+01 1.07475037e+02 8.15814514e+01 9.77958450e+01
    7.76079712e+01 9.25508804e+01 7.25908203e+01 8.86854477e+01
    7.04892426e+01 8.46415787e+01 6.77076721e+01 8.23424072e+01
    6.70570450e+01 7.69240723e+01 6.71993561e+01 7.60624390e+01
    6.45302353e+01 7.49504242e+01 6.41302414e+01 7.49786911e+01
    6.05584526e+01 7.11218719e+01 5.78787498e+01 7.25743332e+01
    6.00710449e+01 7.26612015e+01 6.01955948e+01 6.90083694e+01
    6.11339607e+01 7.14902954e+01 6.29710197e+01 7.31225815e+01
    6.24189529e+01 7.03534470e+01 6.33112259e+01 8.05583878e+01
    6.59288940e+01 8.31744995e+01 6.70962677e+01 9.19887390e+01
    7.06470184e+01 1.00057541e+02 7.77518158e+01 1.06823265e+02
    8.38387985e+01 1.11231377e+02 9.26070480e+01 1.22504623e+02
    1.01413750e+02 1.40942123e+02 1.15707428e+02 1.59097290e+02
    1.29790329e+02 1.78922440e+02 1.47313126e+02 1.93970612e+02
    1.63721436e+02 2.13993195e+02 1.63275940e+02 2.22612015e+02
    1.97157333e+02 2.30488083e+02 2.16001389e+02 2.50472748e+02
    2.30627747e+02 2.89456818e+02 2.78318268e+02 3.57787323e+02
    3.01075806e+02 4.35671661e+02 3.55477295e+02 4.85952942e+02
    3.82870361e+02 5.78055359e+02 3.95072601e+02 6.16825806e+02
    4.08940155e+02 6.72866699e+02 3.78337769e+02 7.05650879e+02
    4.06311096e+02 5.61144958e+02 4.07897797e+02 5.93428101e+02
    3.85000061e+02 4.12408051e+02 3.79849487e+02 4.87572296e+02
    3.34168457e+02 4.38432678e+02 3.11486328e+02 4.17095978e+02
    2.68490417e+02 3.32713440e+02 2.39083466e+02 3.13003510e+02
    2.15294525e+02 2.51137894e+02 1.80977341e+02 2.04168427e+02
    1.74583023e+02 2.10695969e+02 1.50211243e+02 1.93803299e+02
    1.29443207e+02 1.77576004e+02 1.09064072e+02 1.52145844e+02
    9.92387238e+01 1.35826645e+02 9.76135025e+01 1.14577843e+02
    9.40797119e+01 1.05184746e+02 8.90494308e+01 1.01271271e+02
    7.96295090e+01 9.00646896e+01 7.06989059e+01 9.17736435e+01
    7.23366241e+01 9.09299469e+01 7.22851105e+01 8.87628784e+01
    7.37716675e+01 8.72607346e+01 8.05655746e+01 8.11865540e+01
    7.45877533e+01 7.31922913e+01 7.38379440e+01 7.24659195e+01
    7.20680161e+01 7.12929916e+01 6.73508911e+01 6.93973160e+01
    6.83454742e+01 7.32723694e+01 7.36131210e+01 7.49371185e+01
    7.43080902e+01 7.59124985e+01 7.23998032e+01 8.09807358e+01
    7.17404785e+01 7.89844360e+01 6.85995102e+01 8.21880951e+01
    7.34401398e+01 8.49472504e+01 7.99293442e+01 9.49510193e+01
    8.28432388e+01 9.97630081e+01 8.21608200e+01 1.02343887e+02
    8.32396393e+01 1.05283875e+02 8.36358337e+01 1.10228783e+02
    8.59063110e+01 1.16895447e+02 1.01983932e+02 1.26019913e+02
    1.00915939e+02 1.38635498e+02 1.16721428e+02 1.51081406e+02
    1.31295959e+02 1.71573517e+02 1.49493713e+02 2.02629395e+02
    1.78182068e+02 2.17893875e+02 1.94379318e+02 2.42460495e+02
    2.13255203e+02 2.60051880e+02 2.20124756e+02 2.77304352e+02
    2.24101105e+02 2.96717163e+02 2.29476715e+02 3.14296692e+02
    2.42810989e+02 3.24582672e+02 2.45678375e+02 3.25420593e+02
    2.58672089e+02 3.15518005e+02 2.53581589e+02 2.99768280e+02
    2.35640961e+02 2.80488281e+02 2.16681717e+02 2.58428802e+02
    1.88374084e+02 2.40121628e+02 1.68185883e+02 2.22047470e+02
    1.52667450e+02 1.99719635e+02 1.45388641e+02 1.81659698e+02
    1.33098785e+02 1.58987549e+02 1.21537369e+02 1.46553726e+02
    1.13428406e+02 1.37138290e+02 1.03493729e+02 1.24132378e+02
    1.01325478e+02 1.19621780e+02 9.85694809e+01 1.11763390e+02
    9.18987122e+01 1.06922531e+02 8.52620544e+01 1.06574593e+02
    7.91698837e+01 1.01364845e+02 7.94251404e+01 1.01187126e+02
    7.90742493e+01 1.00388863e+02 8.02925034e+01 9.44566574e+01
    7.93240204e+01 1.01811897e+02 7.63398361e+01 8.89509583e+01
    7.56661835e+01 8.72355957e+01 7.66303558e+01 9.06948318e+01
    8.89939651e+01 1.00562126e+02 9.50802765e+01 1.15975845e+02
    1.03530479e+02 1.18619370e+02 1.08464699e+02 1.23798683e+02
    1.08516273e+02 1.53422028e+02 1.23526817e+02 1.68910568e+02
    1.43588577e+02 1.77374588e+02 1.17858421e+02 1.91725098e+02
    1.39878418e+02 1.79834076e+02 1.44863831e+02 2.04050751e+02
    1.45585419e+02 2.16794113e+02 1.94199570e+02 2.12432327e+02
    1.93631760e+02 2.42972443e+02 1.99106995e+02 2.52724045e+02
    2.03750137e+02 2.85380280e+02 2.08828232e+02 2.81746521e+02
    2.10806137e+02 2.98876190e+02 2.34471954e+02 3.26567017e+02
    2.28541016e+02 2.08421265e+02 2.10898148e+02 2.28840164e+02
    1.89815292e+02 2.30539108e+02 1.53201385e+02 2.10616074e+02
    1.41144318e+02 1.98737305e+02 1.45798660e+02 1.77221542e+02
    1.47274567e+02 1.77223587e+02 1.36609680e+02 1.78411057e+02
    1.27173500e+02 1.78262772e+02 1.16397217e+02 1.79422729e+02
    1.09568069e+02 1.80927399e+02 1.05912033e+02 1.70913757e+02
    1.05207092e+02 1.62895920e+02 1.04273262e+02 1.50530807e+02
    1.00400345e+02 1.31948654e+02 1.03709702e+02 1.13496292e+02
    1.06693153e+02 1.05526619e+02 9.66601639e+01 9.67710037e+01
    9.09161682e+01 8.87964478e+01 8.09758224e+01 7.50107803e+01
    6.55189896e+01 7.13853302e+01 6.07257309e+01 6.34471207e+01
    5.54866524e+01 7.44549713e+01 5.13254509e+01 7.36317444e+01
    5.13926811e+01 6.32791939e+01 5.73060112e+01 6.77790375e+01
    5.76278839e+01 6.81417160e+01 6.32252731e+01 6.16788216e+01
    6.60006485e+01 6.92930908e+01 6.18566093e+01 6.00853081e+01
    6.19097061e+01 5.85787926e+01 5.85235443e+01 5.70810661e+01
    5.54263039e+01 5.31382256e+01 5.29044838e+01 5.16919136e+01
    5.27841606e+01 5.39443130e+01 5.26686020e+01 5.54080696e+01
    5.55245743e+01 5.90560799e+01 6.02737579e+01 5.55736961e+01
    6.13493690e+01 5.62116165e+01 6.10072746e+01 6.49882431e+01
    5.84150620e+01 6.35687790e+01 5.43830452e+01 6.68536148e+01
    5.57831650e+01 6.68536148e+01 5.63595428e+01 6.58771133e+01
    5.86106682e+01 6.15910416e+01 6.20533104e+01 6.27490158e+01
    6.12959518e+01 7.03086853e+01 6.08635864e+01 7.03086853e+01
    6.09299278e+01 6.59968414e+01 6.01243362e+01 7.19406128e+01
