<?xml version="1.0"?>
<opencv_storage>
<graph_buffer type_id="opencv-matrix">
  <rows>2000</rows>
  <cols>2</cols>
  <dt>f</dt>
  <data>
    5.37188797e+01 0. 5.10977859e+01 0. 4.41453667e+01 0. 4.08319778e+01
    0. 4.09634399e+01 0. 4.46958008e+01 0. 3.27483940e+01 9.09304199e+01
    4.58560410e+01 1.21729820e+02 4.29559021e+01 1.03926353e+02
    4.10776443e+01 9.59693222e+01 4.44544678e+01 9.40648575e+01
    4.62431679e+01 9.15901718e+01 4.64463921e+01 0. 4.44332962e+01 0.
    4.33852463e+01 0. 3.68211670e+01 0. 3.78908463e+01 0. 4.15655022e+01
    0. 4.46018372e+01 0. 4.46964073e+01 0. 4.83571243e+01 0.
    4.93811874e+01 0. 5.33026009e+01 0. 5.51539803e+01 0. 5.58501587e+01
    0. 5.44995117e+01 0. 5.12062569e+01 0. 4.76244507e+01 0.
    4.87357750e+01 0. 4.72990227e+01 0. 4.58828545e+01 0. 4.39544678e+01
    0. 4.80799942e+01 0. 4.71686020e+01 0. 4.08435478e+01 9.99484863e+01
    4.45359116e+01 0. 4.13629951e+01 1.16383461e+02 4.84964066e+01
    1.01251709e+02 5.19515457e+01 9.35148926e+01 4.94637108e+01
    8.92800293e+01 4.92450523e+01 8.67387695e+01 5.14890518e+01
    8.67439804e+01 5.07521477e+01 8.34099960e+01 5.07861938e+01
    8.42709122e+01 5.07487679e+01 8.42624512e+01 5.20784988e+01
    8.65804062e+01 4.46962204e+01 8.88544922e+01 4.10612946e+01
    9.43294296e+01 3.96790810e+01 9.70463867e+01 4.15412254e+01
    9.83115234e+01 4.38501053e+01 0. 4.43652267e+01 0. 4.33449974e+01
    1.01242432e+02 5.13233109e+01 9.66023788e+01 5.46899529e+01 0.
    5.64139709e+01 0. 5.60082321e+01 0. 5.52002754e+01 0. 5.20070686e+01
    0. 4.76386948e+01 0. 4.53618774e+01 0. 4.98400574e+01 0.
    4.56317368e+01 0. 3.83827553e+01 9.09121094e+01 4.56978302e+01 0.
    4.37711220e+01 8.60890274e+01 4.99740562e+01 0. 5.18012772e+01
    8.94719238e+01 5.59614563e+01 0. 5.82179794e+01 0. 5.41551590e+01 0.
    5.65420761e+01 0. 5.40567207e+01 0. 5.25847855e+01 0. 4.97675056e+01
    0. 4.55242462e+01 0. 4.26857910e+01 0. 4.16913986e+01 0.
    4.13725662e+01 0. 4.13566666e+01 0. 4.20446320e+01 0. 4.24664955e+01
    0. 4.37567940e+01 0. 4.40002480e+01 0. 4.60078773e+01 0.
    4.72679825e+01 0. 4.76100388e+01 0. 5.00063591e+01 0. 5.20988464e+01
    0. 5.26708794e+01 0. 5.04370308e+01 0. 3.70516853e+01 0.
    4.22390594e+01 0. 4.64732780e+01 0. 4.89335365e+01 0. 4.85557632e+01
    0. 5.34098511e+01 0. 5.47300301e+01 0. 5.34336166e+01 0.
    4.56748886e+01 0. 4.31613693e+01 0. 4.31008110e+01 0. 4.47832108e+01
    0. 4.13948288e+01 0. 4.48694496e+01 0. 4.22680168e+01 0.
    3.78704948e+01 0. 4.21141396e+01 0. 3.66628799e+01 0. 3.88317337e+01
    0. 4.43280106e+01 0. 4.06584702e+01 0. 4.44133682e+01 0.
    4.58049850e+01 1.27954674e+02 4.73456802e+01 1.01193520e+02
    4.72086411e+01 9.43084335e+01 4.69537354e+01 0. 3.85337982e+01 0.
    3.69277344e+01 0. 3.06150551e+01 0. 2.64371433e+01 0. 2.25199337e+01
    1.28685135e+02 2.60652561e+01 1.19305992e+02 2.58525391e+01
    1.13840736e+02 2.64665318e+01 0. 2.68376617e+01 1.05640465e+02
    3.40608521e+01 9.77237167e+01 3.88622856e+01 9.28937149e+01
    4.56148415e+01 8.93186874e+01 4.72924118e+01 8.57546387e+01
    4.98261070e+01 0. 4.93611374e+01 0. 5.02656326e+01 0. 4.79498825e+01
    0. 4.78419800e+01 0. 4.06187935e+01 0. 3.56631699e+01 0.
    3.73807259e+01 0. 3.75504837e+01 0. 3.64470596e+01 0. 3.08076172e+01
    0. 2.63165779e+01 0. 3.16739292e+01 9.65278320e+01 3.50865555e+01
    9.46988144e+01 4.38778915e+01 9.14702988e+01 5.07684784e+01
    8.90864258e+01 4.57059059e+01 8.83588867e+01 4.72591476e+01
    8.38834610e+01 4.86116943e+01 8.32442245e+01 5.22984619e+01
    8.12875137e+01 5.41984978e+01 0. 4.89321060e+01 0. 4.39327049e+01 0.
    3.68289261e+01 0. 3.32701492e+01 0. 3.37011948e+01 0. 3.17649479e+01
    0. 2.83669853e+01 9.79276505e+01 3.21343498e+01 9.94322891e+01
    3.53547897e+01 9.14553223e+01 3.85962219e+01 8.68951035e+01
    3.81092033e+01 0. 3.84088974e+01 0. 3.80109673e+01 0. 3.76664124e+01
    0. 3.76572914e+01 0. 4.38482437e+01 0. 3.81155777e+01 0.
    3.09689999e+01 0. 2.73766727e+01 0. 2.94204617e+01 0. 3.52235069e+01
    0. 3.76634483e+01 1.45904053e+02 3.93774490e+01 1.33154129e+02
    4.33967438e+01 1.27173668e+02 4.09222946e+01 9.85931015e+01
    4.72512703e+01 9.30297852e+01 5.52311783e+01 8.93833008e+01
    6.39063301e+01 8.91035156e+01 6.73653946e+01 8.78183594e+01
    6.92811813e+01 8.64869766e+01 6.87553482e+01 8.64743652e+01
    7.07361526e+01 0. 6.53893890e+01 0. 6.31137314e+01 8.98118515e+01
    5.72654190e+01 0. 5.81991081e+01 0. 4.98267174e+01 0. 4.43013535e+01
    0. 3.45952682e+01 0. 3.36162834e+01 0. 3.37710876e+01 0.
    3.17230778e+01 0. 3.55522499e+01 0. 3.52302322e+01 0. 3.06643429e+01
    0. 3.44938354e+01 0. 3.79728432e+01 8.68528671e+01 4.55767860e+01
    8.84570312e+01 4.82427063e+01 8.95524902e+01 4.45538406e+01
    9.14881973e+01 5.00143051e+01 9.57500000e+01 4.81821709e+01
    9.20916367e+01 5.42722702e+01 8.69879532e+01 5.51294670e+01
    8.57146835e+01 5.55060654e+01 8.20192032e+01 5.60513229e+01
    8.37868652e+01 5.02443771e+01 0. 4.59172897e+01 8.57989883e+01
    4.66960449e+01 0. 4.81227646e+01 0. 4.27263184e+01 0. 3.98777542e+01
    0. 4.34521179e+01 0. 4.57962112e+01 0. 4.74813309e+01 8.77264023e+01
    5.09972572e+01 8.44871445e+01 4.84097786e+01 0. 4.77280197e+01 0.
    4.28888474e+01 0. 4.63389320e+01 0. 4.49206429e+01 0. 3.98404007e+01
    0. 4.06403122e+01 0. 3.49674606e+01 0. 3.36480751e+01 1.02708008e+02
    3.59437599e+01 1.01216881e+02 3.66493263e+01 1.02622803e+02
    4.20243683e+01 1.01636147e+02 4.62747116e+01 1.00763428e+02
    5.35478745e+01 9.90168457e+01 6.02491150e+01 9.83637695e+01
    5.86965218e+01 9.55725937e+01 6.47696075e+01 9.33208847e+01
    6.93250656e+01 9.17425919e+01 7.11373444e+01 9.43928223e+01
    7.59575348e+01 9.03848495e+01 7.38811798e+01 9.13137207e+01
    7.32685242e+01 8.90424805e+01 6.82020721e+01 8.97390976e+01
    6.51870956e+01 9.11188965e+01 6.13256912e+01 0. 5.88188400e+01
    8.61541367e+01 5.92452316e+01 8.94207382e+01 5.90122070e+01
    8.26686172e+01 5.73627930e+01 8.21452637e+01 5.55821915e+01
    8.48509903e+01 5.33817253e+01 8.00303574e+01 5.23589668e+01 0.
    4.83187828e+01 0. 4.94710464e+01 0. 4.63905869e+01 0. 4.12569962e+01
    0. 4.00878983e+01 0. 3.45604706e+01 0. 3.61010895e+01 0.
    3.51949577e+01 0. 3.22079964e+01 0. 3.93025436e+01 8.44409180e+01
    4.13906898e+01 8.94195175e+01 4.70867424e+01 9.33463516e+01
    5.07361526e+01 9.42584610e+01 5.54345627e+01 9.49877930e+01
    6.08348198e+01 9.49256210e+01 6.55694885e+01 9.34958496e+01
    7.06079941e+01 9.25868301e+01 7.74882660e+01 9.33246231e+01
    7.41894608e+01 9.22958984e+01 7.41485291e+01 9.16380997e+01
    7.64618301e+01 9.11012344e+01 7.61557846e+01 9.14610977e+01
    7.07594528e+01 9.41493301e+01 7.13784332e+01 9.36708145e+01
    7.09426117e+01 9.35136719e+01 6.75039062e+01 9.40052109e+01
    6.76664200e+01 9.27401505e+01 6.23698349e+01 9.22137070e+01
    6.04577408e+01 9.11689453e+01 5.81851997e+01 8.55012207e+01
    5.63260803e+01 8.64007187e+01 5.84679947e+01 8.50559082e+01
    5.72190132e+01 8.15241699e+01 4.94891930e+01 0. 5.20225334e+01
    8.41888809e+01 4.85944748e+01 0. 4.91253395e+01 0. 4.79181480e+01 0.
    4.52703056e+01 0. 4.34347916e+01 8.58048477e+01 4.28029671e+01
    8.74461288e+01 3.76090622e+01 8.38522949e+01 3.76701508e+01 0.
    3.33523331e+01 0. 3.13689022e+01 9.39313126e+01 3.47240219e+01
    1.01597572e+02 3.89955711e+01 1.48755447e+02 3.36387939e+01 0.
    3.42748985e+01 0. 3.05729885e+01 0. 3.34242058e+01 0. 3.56239395e+01
    0. 3.44011497e+01 0. 3.83865662e+01 1.08447021e+02 4.19420471e+01
    1.05587158e+02 3.75417480e+01 1.01819092e+02 4.77533722e+01
    9.90310059e+01 4.91496315e+01 9.18448868e+01 5.49054146e+01
    9.01913223e+01 5.83929672e+01 8.66352539e+01 6.17448349e+01
    8.30369492e+01 6.72621307e+01 8.19213028e+01 6.48792343e+01
    8.08878555e+01 6.21158676e+01 8.11490860e+01 6.47250519e+01
    8.31858749e+01 5.62305183e+01 0. 5.45437393e+01 0. 4.96015320e+01 0.
