<?xml version="1.0"?>
<opencv_storage>
<graph_buffer type_id="opencv-matrix">
  <rows>2500</rows>
  <cols>2</cols>
  <dt>f</dt>
  <data>
    5.58000040e+00 4.01832676e+00 5.58000040e+00 3.86211872e+00
    5.58000040e+00 3.73630452e+00 5.58000040e+00 3.85353947e+00
    5.58000040e+00 3.85237765e+00 5.58000040e+00 3.67936015e+00
    5.58000040e+00 3.74182630e+00 5.58000040e+00 3.76311946e+00
    5.58000040e+00 3.70607638e+00 5.58000040e+00 3.86233616e+00
    5.58000040e+00 3.84820914e+00 5.58000040e+00 3.71175313e+00
    5.58000040e+00 3.82156491e+00 5.58000040e+00 3.93992043e+00
    5.58000040e+00 3.89175534e+00 5.58000040e+00 3.83160520e+00
    5.58000040e+00 3.87252355e+00 5.58000040e+00 3.91352367e+00
    5.58000040e+00 3.91102767e+00 5.58000040e+00 3.90527797e+00
    5.58000040e+00 3.71359134e+00 5.58000040e+00 3.63139725e+00
    5.58000040e+00 3.75370860e+00 5.58000040e+00 3.69233441e+00
    5.58000040e+00 3.71185374e+00 5.58000040e+00 3.90141678e+00
    5.58000040e+00 3.92668271e+00 5.58000040e+00 3.82725215e+00
    5.58000040e+00 3.84989452e+00 5.58000040e+00 4.14278841e+00
    5.58000040e+00 3.98674393e+00 5.58000040e+00 3.81494713e+00
    5.58000040e+00 3.91326141e+00 5.58000040e+00 3.81243920e+00
    5.58000040e+00 3.79987788e+00 5.58000040e+00 3.84150314e+00
    5.58000040e+00 3.84591031e+00 5.58000040e+00 3.81121373e+00
    5.58000040e+00 3.97002912e+00 5.58000040e+00 4.12737513e+00
    5.58000040e+00 3.91934133e+00 5.58000040e+00 3.75753021e+00
    5.58000040e+00 4.06713200e+00 5.58000040e+00 4.04336834e+00
    5.58000040e+00 3.64089656e+00 5.58000040e+00 3.53390121e+00
    5.58000040e+00 3.52165866e+00 5.58000040e+00 2.66876483e+00
    5.58000040e+00 2.47679496e+00 5.58000040e+00 2.28474069e+00
    5.58000040e+00 2.25079203e+00 5.58000040e+00 2.51981854e+00
    5.58000040e+00 2.66433668e+00 5.58000040e+00 2.18888092e+00
    5.58000040e+00 2.08820915e+00 5.58000040e+00 2.14608645e+00
    5.58000040e+00 1.88857794e+00 5.58000040e+00 1.89611673e+00
    5.58000040e+00 1.91434574e+00 5.58000040e+00 1.91183245e+00
    5.58000040e+00 2.10483766e+00 5.58000040e+00 2.32330298e+00
    5.58000040e+00 2.09455657e+00 5.58000040e+00 1.83567846e+00
    5.58000040e+00 1.95604622e+00 5.58000040e+00 2.08143687e+00
    5.58000040e+00 2.23940587e+00 5.58000040e+00 2.60744882e+00
    5.58000040e+00 2.89905620e+00 5.58000040e+00 3.19003987e+00
    5.58000040e+00 3.55233383e+00 5.58000040e+00 3.74652028e+00
    5.58000040e+00 3.84218597e+00 5.58000040e+00 3.90141487e+00
    5.58000040e+00 3.87045598e+00 5.58000040e+00 3.70407748e+00
    5.58000040e+00 3.56196332e+00 5.58000040e+00 3.32665634e+00
    5.58000040e+00 2.98200035e+00 5.58000040e+00 2.82907939e+00
    5.58000040e+00 2.77985001e+00 5.58000040e+00 2.63025808e+00
    5.58000040e+00 2.68249702e+00 5.58000040e+00 2.83256817e+00
    5.58000040e+00 2.78339505e+00 5.58000040e+00 2.83211398e+00
    5.58000040e+00 2.89835143e+00 5.58000040e+00 2.93370914e+00
    5.58000040e+00 3.05434608e+00 5.58000040e+00 3.12569499e+00
    5.58000040e+00 3.15576434e+00 5.58000040e+00 3.21227241e+00
    5.58000040e+00 3.32155609e+00 5.58000040e+00 3.46072078e+00
    5.58000040e+00 3.51596189e+00 5.58000040e+00 3.56911492e+00
    5.58000040e+00 3.68706822e+00 5.58000040e+00 3.76973176e+00
    5.58000040e+00 3.77978778e+00 5.58000040e+00 3.82952762e+00
    5.58000040e+00 3.93788528e+00 5.58000040e+00 3.95707154e+00
    5.58000040e+00 3.85152555e+00 5.58000040e+00 3.76973748e+00
    5.58000040e+00 3.64812469e+00 5.58000040e+00 3.47009468e+00
    5.58000040e+00 3.39601731e+00 5.58000040e+00 3.21102834e+00
    5.58000040e+00 2.91469979e+00 5.58000040e+00 2.76494050e+00
    5.58000040e+00 2.59570408e+00 5.58000040e+00 2.42522311e+00
    5.58000040e+00 2.41636157e+00 5.58000040e+00 2.53173470e+00
    5.58000040e+00 2.60823679e+00 5.58000040e+00 2.67453957e+00
    5.58000040e+00 2.71170044e+00 5.58000040e+00 2.68255877e+00
    5.58000040e+00 2.57648730e+00 5.58000040e+00 2.50045276e+00
    5.58000040e+00 2.61084938e+00 5.58000040e+00 2.65876603e+00
    5.58000040e+00 2.62632251e+00 5.58000040e+00 2.63679552e+00
    5.58000040e+00 2.60256886e+00 5.58000040e+00 2.56346011e+00
    5.58000040e+00 2.56905174e+00 5.58000040e+00 2.54539514e+00
    5.58000040e+00 2.60142303e+00 5.58000040e+00 2.74557948e+00
    5.58000040e+00 2.41146302e+00 5.58000040e+00 1.95146322e+00
    5.58000040e+00 1.93418229e+00 5.58000040e+00 1.98257244e+00
    5.58000040e+00 2.02895737e+00 5.58000040e+00 2.13922310e+00
    5.58000040e+00 2.28730154e+00 5.58000040e+00 2.45235467e+00
    5.58000040e+00 2.50496578e+00 5.58000040e+00 2.48133564e+00
    5.58000040e+00 2.66740108e+00 5.58000040e+00 3.01555824e+00
    5.58000040e+00 3.44827008e+00 5.58000040e+00 4.07641935e+00
    5.58000040e+00 4.89016724e+00 5.58000040e+00 5.68422461e+00
    5.58000040e+00 6.45350647e+00 5.58000040e+00 6.78495169e+00
    5.58000040e+00 6.55775213e+00 5.58000040e+00 6.00601339e+00
    5.58000040e+00 5.27061987e+00 5.58000040e+00 4.72354746e+00
    5.58000040e+00 4.36688852e+00 5.58000040e+00 4.29596615e+00
    5.58000040e+00 4.36434793e+00 5.58000040e+00 4.26581383e+00
    5.58000040e+00 4.02346039e+00 5.58000040e+00 4.00665903e+00
    5.58000040e+00 4.09725142e+00 5.58000040e+00 4.07264423e+00
    5.58000040e+00 4.16630983e+00 5.58000040e+00 4.06951189e+00
    5.58000040e+00 3.81058311e+00 5.58000040e+00 3.62174416e+00
    5.58000040e+00 3.39236832e+00 5.58000040e+00 3.11740232e+00
    5.58000040e+00 2.87166405e+00 5.58000040e+00 2.64823008e+00
    5.58000040e+00 2.42883801e+00 5.58000040e+00 2.30428219e+00
    5.58000040e+00 2.29570007e+00 5.58000040e+00 2.29942536e+00
    5.58000040e+00 2.32233834e+00 5.58000040e+00 2.32297444e+00
    5.58000040e+00 2.29840398e+00 5.58000040e+00 2.44093060e+00
    5.58000040e+00 2.59732723e+00 5.58000040e+00 2.78929520e+00
    5.58000040e+00 2.97286797e+00 5.58000040e+00 3.69218063e+00
    5.58000040e+00 4.00639391e+00 5.58000040e+00 3.56031799e+00
    5.58000040e+00 3.58594060e+00 5.58000040e+00 3.87678456e+00
    5.58000040e+00 4.28846979e+00 5.58000040e+00 4.71144342e+00
    5.58000040e+00 5.13339424e+00 5.58000040e+00 5.48660660e+00
    5.58000040e+00 5.57593679e+00 5.58000040e+00 5.44037008e+00
    5.58000040e+00 5.02537203e+00 5.58000040e+00 4.48310137e+00
    5.58000040e+00 4.01179504e+00 5.58000040e+00 3.58895326e+00
    5.58000040e+00 3.24286199e+00 5.58000040e+00 2.89005542e+00
    5.58000040e+00 2.61339641e+00 5.58000040e+00 2.52873492e+00
    5.58000040e+00 2.56106806e+00 5.58000040e+00 2.63450599e+00
    5.58000040e+00 2.76343441e+00 5.58000040e+00 2.69398189e+00
    5.58000040e+00 2.61004138e+00 5.58000040e+00 2.61945319e+00
    5.58000040e+00 2.62451673e+00 5.58000040e+00 2.72504544e+00
    5.58000040e+00 2.71872067e+00 5.58000040e+00 2.59756398e+00
    5.58000040e+00 2.45257235e+00 5.58000040e+00 2.33886552e+00
    5.58000040e+00 2.26707244e+00 5.58000040e+00 2.24759221e+00
    5.58000040e+00 2.17954469e+00 5.58000040e+00 2.13425422e+00
    5.58000040e+00 2.20294118e+00 5.58000040e+00 2.18821168e+00
    5.58000040e+00 2.19448519e+00 5.58000040e+00 2.20270038e+00
    5.58000040e+00 2.18775487e+00 5.58000040e+00 2.30038905e+00
    5.58000040e+00 2.49569869e+00 5.58000040e+00 2.63384938e+00
    5.58000040e+00 2.79238701e+00 5.58000040e+00 3.01001811e+00
    5.58000040e+00 3.31706238e+00 5.58000040e+00 3.71136856e+00
    5.58000040e+00 4.12437296e+00 5.58000040e+00 4.67000246e+00
    5.58000040e+00 5.20521593e+00 5.58000040e+00 5.54941320e+00
    5.58000040e+00 5.67238569e+00 5.58000040e+00 5.61048126e+00
    5.58000040e+00 5.37481642e+00 5.58000040e+00 4.98365831e+00
    5.58000040e+00 4.49866772e+00 5.58000040e+00 4.03378725e+00
    5.58000040e+00 3.65725517e+00 5.58000040e+00 3.30767751e+00
    5.58000040e+00 2.97608447e+00 5.58000040e+00 2.65589309e+00
    5.58000040e+00 2.52495503e+00 5.58000040e+00 2.38238454e+00
    5.58000040e+00 2.19091153e+00 5.58000040e+00 2.20112324e+00
