<?xml version="1.0"?>
<opencv_storage>
<graph_buffer type_id="opencv-matrix">
  <rows>2000</rows>
  <cols>2</cols>
  <dt>f</dt>
  <data>
    2.25017662e+01 3.08284569e+01 2.22703285e+01 3.05034580e+01
    2.26111431e+01 2.98997555e+01 2.26337223e+01 2.94699745e+01
    2.25175591e+01 2.83748207e+01 2.25625248e+01 2.73483944e+01
    2.29320126e+01 2.61034298e+01 2.25345554e+01 2.49375572e+01
    2.17887306e+01 2.41234570e+01 2.13210373e+01 2.33468456e+01
    2.09835663e+01 2.27306309e+01 2.03973942e+01 2.23214607e+01
    1.99164848e+01 2.20260868e+01 1.91937428e+01 2.16637287e+01
    1.92209091e+01 2.11639442e+01 1.85187016e+01 2.07463036e+01
    1.84932060e+01 2.03714371e+01 1.87569695e+01 1.99823875e+01
    1.85627213e+01 1.94823303e+01 1.84317055e+01 1.88747444e+01
    1.82628975e+01 1.83557167e+01 1.83443718e+01 1.76504059e+01
    1.86315174e+01 1.71630020e+01 1.79157581e+01 1.68159599e+01
    1.87099056e+01 1.65115070e+01 1.89830589e+01 1.62139568e+01
    1.87233582e+01 1.60719204e+01 1.93479538e+01 1.60867233e+01
    1.94164200e+01 1.63079605e+01 1.93183384e+01 1.64024563e+01
    1.97613297e+01 1.64498482e+01 2.01490936e+01 1.63866596e+01
    2.01503944e+01 1.63005600e+01 1.93754768e+01 1.63148384e+01
    1.91199646e+01 1.64054794e+01 1.90198460e+01 1.66586552e+01
    1.81574516e+01 1.70308800e+01 1.84907303e+01 1.75187016e+01
    1.90022793e+01 1.82003212e+01 1.85568085e+01 1.93705540e+01
    1.84233589e+01 2.09257526e+01 1.88573780e+01 2.34371376e+01
    1.92009220e+01 2.74641323e+01 1.99227753e+01 3.22806931e+01
    2.05123024e+01 3.68198395e+01 2.16046982e+01 4.05167694e+01
    2.21816063e+01 4.32695999e+01 2.30396233e+01 4.49172401e+01
    2.40112038e+01 4.56884651e+01 2.50763435e+01 4.53680000e+01
    2.54946003e+01 4.36573601e+01 2.61123142e+01 4.00091743e+01
    2.53843575e+01 3.52311211e+01 2.47504158e+01 3.03634758e+01
    2.41083164e+01 2.61837101e+01 2.38780632e+01 2.26369057e+01
    2.26396656e+01 2.20710068e+01 2.14026661e+01 2.13221664e+01
    2.04496269e+01 2.02953892e+01 1.99389076e+01 1.96913376e+01
    1.88067818e+01 1.95653419e+01 1.85187340e+01 1.96805305e+01
    1.87683983e+01 1.99515343e+01 1.87820129e+01 2.03506165e+01
    1.85923595e+01 2.09661312e+01 1.88090210e+01 1.95510483e+01
    1.92202682e+01 1.89509315e+01 1.87369118e+01 1.93801479e+01
    1.88837700e+01 1.97956505e+01 1.94335480e+01 2.00923958e+01
    1.98999138e+01 2.03882465e+01 1.99917297e+01 2.06256199e+01
    2.01686420e+01 2.08489609e+01 1.99931793e+01 2.09985199e+01
    2.02474632e+01 2.11027050e+01 1.98901634e+01 2.11370583e+01
    1.97968292e+01 2.09765339e+01 1.96781578e+01 2.06433525e+01
    2.06847038e+01 2.02698784e+01 2.08705235e+01 1.98336449e+01
    2.10058022e+01 1.92919884e+01 2.13152561e+01 1.87850418e+01
    2.09020729e+01 1.82843609e+01 2.03038521e+01 1.77831879e+01
    2.00932007e+01 1.72305927e+01 2.04695358e+01 1.68836021e+01
    2.05182457e+01 1.65954742e+01 1.95893517e+01 1.62753048e+01
    1.97022362e+01 1.60254173e+01 1.89042110e+01 1.59752703e+01
    1.83905296e+01 1.57913189e+01 1.85104942e+01 1.56018705e+01
    1.84276485e+01 1.56019621e+01 1.86708202e+01 1.56801147e+01
    1.91671619e+01 1.58483124e+01 1.87691689e+01 1.61601410e+01
    1.82132378e+01 1.64544010e+01 1.72757988e+01 1.66112518e+01
    1.82297783e+01 1.48506165e+01 1.82491722e+01 1.56199980e+01
    1.91052799e+01 1.67830334e+01 1.93301697e+01 1.82066917e+01
    1.92984219e+01 2.00168819e+01 1.92607059e+01 2.22244740e+01
    2.06745548e+01 2.47585182e+01 2.16343746e+01 2.71735954e+01
    2.25264072e+01 2.94584999e+01 2.31314411e+01 3.12211399e+01
    2.35616951e+01 3.26083870e+01 2.34063778e+01 3.35803642e+01
    2.39801121e+01 3.41848679e+01 2.44248066e+01 3.42777519e+01
    2.39031258e+01 3.38942986e+01 2.34656353e+01 3.30133896e+01
    2.35460014e+01 2.86979008e+01 2.35206108e+01 2.89545078e+01
    2.29382629e+01 2.89440308e+01 2.25002880e+01 2.86134644e+01
    2.19381027e+01 2.80209503e+01 2.13561974e+01 2.73433437e+01
    2.12473869e+01 2.63156986e+01 2.13504562e+01 2.51238594e+01
    2.10154362e+01 2.39006329e+01 2.00441628e+01 2.28246613e+01
    1.92989578e+01 2.17611790e+01 1.87993069e+01 2.07577782e+01
    1.93389378e+01 1.99350224e+01 1.98359184e+01 1.93502388e+01
    2.01133480e+01 1.88528080e+01 1.99103737e+01 1.86389198e+01
    1.97050743e+01 1.85422668e+01 1.93020535e+01 1.83562393e+01
    1.95920010e+01 1.83993893e+01 1.95305557e+01 1.86346779e+01
    1.94504738e+01 1.98335247e+01 1.88299904e+01 1.99618416e+01
    1.82900982e+01 1.99911156e+01 1.83015156e+01 1.98538857e+01
    1.85277252e+01 1.97402992e+01 1.87301731e+01 1.96551704e+01
    1.87429218e+01 1.96936607e+01 1.87314167e+01 1.98066254e+01
    1.87977772e+01 1.98957577e+01 1.83823395e+01 1.84019623e+01
    1.88895054e+01 1.78497601e+01 1.88688164e+01 1.73480434e+01
    1.89939499e+01 1.69197655e+01 1.88666668e+01 1.65370750e+01
    1.82113857e+01 1.62658081e+01 1.83205376e+01 1.61499348e+01
    1.82356377e+01 1.60422058e+01 1.82127342e+01 1.57890120e+01
    1.88892326e+01 1.61470146e+01 1.92243538e+01 1.68629189e+01
    1.96651268e+01 1.77690773e+01 1.94613400e+01 1.90688610e+01
    1.98943291e+01 2.08476658e+01 2.11349831e+01 2.31952782e+01
    2.15116501e+01 2.59430504e+01 2.25720558e+01 2.91925907e+01
    2.33188515e+01 3.23586159e+01 2.39416695e+01 3.53072128e+01
    2.38583450e+01 3.73665352e+01 2.38879261e+01 3.86894608e+01
    2.43020611e+01 3.92717056e+01 2.41958656e+01 3.91177711e+01
    2.40651913e+01 3.83804092e+01 2.40046425e+01 3.71379585e+01
    2.30899391e+01 3.51032829e+01 2.29890442e+01 3.30001335e+01
    2.19706478e+01 3.12766457e+01 2.11807537e+01 3.01369934e+01
    2.12317982e+01 2.94800320e+01 2.14113159e+01 2.93014870e+01
    2.12857914e+01 2.90339661e+01 2.15241966e+01 2.85734100e+01
    2.14784966e+01 2.79200592e+01 2.12951050e+01 2.72632408e+01
    2.12482376e+01 2.65609741e+01 2.11588764e+01 2.55607510e+01
    2.11764545e+01 2.43874416e+01 2.06889839e+01 2.30950413e+01
    1.97466640e+01 2.15944004e+01 1.93694000e+01 2.04343224e+01
    1.88951416e+01 1.93276634e+01 1.85846748e+01 1.84852142e+01
    1.91812496e+01 1.77235718e+01 1.87920780e+01 1.72567177e+01
    1.89313030e+01 1.70774727e+01 1.88984585e+01 1.71803627e+01
    1.91003418e+01 1.76181564e+01 1.95418301e+01 1.81832390e+01
    1.96777916e+01 1.97128773e+01 1.98832703e+01 2.07436943e+01
    1.98441124e+01 2.15698452e+01 1.97232552e+01 2.26381416e+01
    1.99251080e+01 2.39374161e+01 2.04319496e+01 2.54094486e+01
    2.10468826e+01 2.71085873e+01 2.14190102e+01 2.89267540e+01
    2.21917286e+01 3.08803520e+01 2.22649117e+01 3.17523861e+01
    2.22142906e+01 3.30313148e+01 2.24148178e+01 3.39499664e+01
    2.25867405e+01 3.43827744e+01 2.24057884e+01 3.41581993e+01
    2.24277058e+01 3.33334961e+01 2.20374947e+01 3.19553280e+01
    2.19831486e+01 2.99673271e+01 2.09796352e+01 2.76443539e+01
    2.06127129e+01 2.53965263e+01 2.03717842e+01 2.33254032e+01
    1.98754730e+01 2.18400536e+01 1.94156456e+01 2.07700081e+01
    1.95165634e+01 1.98576126e+01 1.92138634e+01 1.93016396e+01
    1.89393959e+01 1.89224987e+01 1.87128086e+01 1.89033318e+01
    1.88894711e+01 1.90899734e+01 1.91230583e+01 1.91883125e+01
    1.85560036e+01 1.91447182e+01 1.85756416e+01 1.88855858e+01
    1.92427464e+01 1.84780388e+01 1.89746819e+01 1.82452221e+01
    1.87474632e+01 1.79343681e+01 1.95052509e+01 1.76023216e+01
    1.91832237e+01 1.72159348e+01 1.89985447e+01 1.68191643e+01
    1.90132751e+01 1.64201698e+01 1.93833542e+01 1.62145443e+01
    1.96015930e+01 1.60453606e+01 1.93578758e+01 1.59878788e+01
    2.00950336e+01 1.60952034e+01 2.00218372e+01 1.63599052e+01
    1.98316402e+01 1.67596989e+01 1.98172894e+01 1.73301430e+01
    1.97700729e+01 1.79703140e+01 2.00263557e+01 1.90234203e+01
    2.06281872e+01 2.02456398e+01 2.06245613e+01 2.19059315e+01
    2.04681606e+01 2.39690132e+01 2.06932297e+01 2.62633095e+01
    2.16892929e+01 2.85497227e+01 2.14753284e+01 3.08211117e+01
