<?xml version="1.0"?>
<opencv_storage>
<graph_buffer type_id="opencv-matrix">
  <rows>2000</rows>
  <cols>2</cols>
  <dt>f</dt>
  <data>
    9.46667175e+01 1.23762535e+02 9.01379242e+01 1.14253662e+02
    8.91153717e+01 1.03348305e+02 8.49200974e+01 9.81429825e+01
    8.30609741e+01 9.00528183e+01 7.85951385e+01 8.54202499e+01
    6.88092880e+01 8.73177872e+01 5.90551147e+01 0. 4.96057358e+01 0.
    4.52232361e+01 0. 4.66772270e+01 0. 4.86889725e+01 8.78501816e+01
    4.88508835e+01 8.62412949e+01 5.02693863e+01 8.55734024e+01
    5.03355789e+01 8.78921738e+01 5.74755478e+01 9.22797012e+01
    6.11137009e+01 9.62796249e+01 6.64893036e+01 1.00246094e+02
    6.37371330e+01 1.05821533e+02 6.30062866e+01 1.11548012e+02
    6.28953934e+01 1.22191246e+02 6.85490799e+01 1.32294357e+02
    7.07160263e+01 1.36410889e+02 7.48659439e+01 1.36896561e+02
    7.84208603e+01 1.28439865e+02 8.50935898e+01 1.24741539e+02
    8.86391525e+01 1.17912514e+02 9.45082703e+01 1.13529137e+02
    9.26097488e+01 1.09426514e+02 8.84734650e+01 1.01211182e+02
    8.19478302e+01 9.50033340e+01 7.94470291e+01 8.90814590e+01
    7.88047409e+01 8.48579941e+01 7.06046295e+01 0. 6.02937508e+01 0.
    5.30782890e+01 0. 4.45468330e+01 0. 3.91496391e+01 0. 3.34949570e+01
    0. 2.84128838e+01 0. 1.83847904e+01 0. 9.41758823e+00 0.
    5.10377598e+00 0. 6.75246429e+00 0. 5.04676437e+00 0. 9.87183189e+00
    0. 1.57137089e+01 0. 1.95002232e+01 0. 2.32502384e+01 0.
    2.65024357e+01 0. 2.80815849e+01 0. 2.80815849e+01 0. 2.97767696e+01
    0. 2.97767696e+01 0. 2.94686947e+01 0. 2.36268196e+01 0.
    2.52292881e+01 0. 2.75222664e+01 0. 2.94490509e+01 8.84598770e+01
    3.56185913e+01 8.72757950e+01 4.10646477e+01 0. 4.32777023e+01 0.
    5.07778549e+01 8.88488770e+01 5.25150146e+01 9.51799316e+01
    6.00119247e+01 0. 6.20769653e+01 9.21333008e+01 6.37426949e+01
    9.30922852e+01 6.50228653e+01 9.22954941e+01 6.46389694e+01
    9.25596542e+01 6.66738892e+01 9.40033340e+01 6.29987068e+01
    9.44400253e+01 5.74079590e+01 9.40871582e+01 5.50728874e+01
    9.54701309e+01 5.34178543e+01 9.57134628e+01 5.35826836e+01
    9.68900528e+01 5.29622917e+01 9.49940567e+01 5.43873520e+01
    9.79065781e+01 5.70125046e+01 1.00535889e+02 5.91750374e+01
    1.03744385e+02 6.55360031e+01 1.05287025e+02 7.06853180e+01
    1.02568359e+02 7.08900681e+01 1.04982262e+02 6.91057205e+01
    9.89305038e+01 6.32626839e+01 9.42705917e+01 5.84678040e+01
    8.87909317e+01 5.22402039e+01 8.37681503e+01 4.22502518e+01
    8.28306503e+01 3.42439880e+01 0. 3.13018913e+01 0. 2.42431698e+01 0.
    2.25940800e+01 0. 2.52202339e+01 0. 2.71313076e+01 0. 2.55324898e+01
    0. 2.98732052e+01 0. 3.58705368e+01 0. 3.63073006e+01 0.
    3.10066833e+01 0. 3.31633835e+01 0. 3.13389988e+01 0. 2.92531471e+01
    0. 2.79088955e+01 0. 2.94393272e+01 0. 2.80398216e+01 0.
    2.80214043e+01 0. 3.36239395e+01 0. 3.90176773e+01 0. 4.02869644e+01
    0. 4.12024269e+01 0. 4.31983337e+01 8.04409180e+01 4.82024765e+01
    8.24643555e+01 5.15676193e+01 8.30003281e+01 5.46411133e+01
    8.49551620e+01 5.61110725e+01 8.83985977e+01 5.80691223e+01
    9.21555176e+01 5.82656860e+01 9.29494629e+01 6.44633560e+01
    9.44100723e+01 7.12533493e+01 9.29285507e+01 7.22567596e+01
    9.00866699e+01 7.25548630e+01 9.09352188e+01 7.11523895e+01
    8.91555176e+01 7.08278580e+01 8.99812012e+01 7.11060333e+01
    9.11425781e+01 6.88573227e+01 9.50768204e+01 7.06529083e+01
    9.57751465e+01 6.86741486e+01 9.74212265e+01 6.62709351e+01
    1.01978432e+02 6.43810043e+01 1.02711998e+02 6.30095215e+01
    1.04033287e+02 6.17139168e+01 1.12759117e+02 6.58303070e+01
    1.17132164e+02 7.00111389e+01 1.24940102e+02 7.45331421e+01
    1.27379723e+02 7.97993774e+01 1.32822510e+02 8.17009735e+01
    1.29570633e+02 8.23774567e+01 1.23006187e+02 8.46168747e+01
    1.11902748e+02 8.76316376e+01 1.01995445e+02 8.65452728e+01
    9.16337891e+01 8.02388382e+01 8.79536133e+01 7.53448715e+01
    8.34147110e+01 6.88184814e+01 0. 6.47432632e+01 0. 5.72137680e+01 0.
    5.57898674e+01 0. 5.15121460e+01 0. 4.49319687e+01 0. 4.83357925e+01
    0. 4.66133842e+01 0. 4.32785263e+01 8.49804688e+01 4.46690865e+01
    8.33734512e+01 4.28232651e+01 8.24590683e+01 4.82558594e+01
    8.38314590e+01 4.88107605e+01 8.65538712e+01 5.05604973e+01
    8.86027832e+01 5.37797661e+01 9.13329239e+01 5.27917366e+01
    9.36044922e+01 5.82803230e+01 9.44652481e+01 6.43246460e+01
    9.59468613e+01 6.79539642e+01 9.81184082e+01 7.13260422e+01
    9.93631210e+01 7.35410385e+01 1.00254150e+02 7.61918182e+01
    1.01413490e+02 8.09461136e+01 1.01880043e+02 8.44283600e+01
    1.02247398e+02 8.44283600e+01 1.06146973e+02 8.23039017e+01
    1.08293297e+02 8.17536545e+01 1.06183594e+02 7.96889877e+01
    1.04797852e+02 7.56662521e+01 1.00209717e+02 7.36403503e+01
    9.36425781e+01 7.06600571e+01 9.08582382e+01 6.41028290e+01
    8.96631699e+01 6.18208389e+01 8.82141113e+01 6.21376724e+01
    8.44684219e+01 6.50753021e+01 8.70909042e+01 6.47733307e+01
    8.51391602e+01 6.54159088e+01 8.56826172e+01 6.66387100e+01
    8.59670410e+01 6.58614044e+01 8.61877441e+01 5.74885368e+01
    8.50152969e+01 6.81845093e+01 8.82391739e+01 7.16108551e+01 0.
    7.14576721e+01 0. 7.45009918e+01 0. 6.82929077e+01 0. 6.11577377e+01
    0. 5.39144516e+01 0. 4.98681755e+01 0. 4.68636665e+01 8.44702148e+01
    4.16678925e+01 9.03149414e+01 3.68609543e+01 9.79223633e+01
    3.17960243e+01 1.02345131e+02 2.46958103e+01 1.07561035e+02
    3.03724308e+01 1.16864830e+02 3.42346420e+01 1.21428955e+02
    4.08807449e+01 1.31382156e+02 4.77545624e+01 1.37954102e+02
    5.40495377e+01 1.30436035e+02 5.18191605e+01 1.17275963e+02
    6.01063614e+01 1.07916176e+02 6.53278122e+01 1.02316162e+02
    7.35042953e+01 1.01116371e+02 7.47199707e+01 0. 8.05730591e+01 0.
    8.10100098e+01 1.11524574e+02 7.64250488e+01 1.08998451e+02
    7.41493912e+01 1.11543861e+02 8.33258972e+01 1.17505127e+02
    8.37747345e+01 1.16549156e+02 8.18331680e+01 1.06145264e+02
    8.13295441e+01 9.56910019e+01 7.29386826e+01 9.32373047e+01
    6.51562958e+01 0. 5.79488907e+01 0. 5.24030838e+01 0. 4.65249405e+01
    0. 4.06091881e+01 0. 3.13303185e+01 0. 3.11818352e+01 0.
    2.13217735e+01 0. 1.92923431e+01 0. 2.06642399e+01 0. 2.12411251e+01
    0. 2.66204586e+01 0. 3.28727913e+01 0. 3.46580582e+01 0.
    3.45921669e+01 0. 3.84368515e+01 0. 4.34344482e+01 0. 4.84320450e+01
    0. 4.66481476e+01 0. 5.17716866e+01 0. 4.85582161e+01 0.
    4.43821793e+01 0. 4.26896553e+01 0. 4.10632553e+01 0. 3.21777725e+01
    0. 2.90593929e+01 0. 2.40617943e+01 0. 2.52879238e+01 0.
    2.16471806e+01 0. 2.39643459e+01 0. 1.98900204e+01 0. 1.45166903e+01
    0. 1.45166903e+01 0. 1.45166903e+01 0. 1.44132900e+01 0.
    1.44132900e+01 0. 1.39294109e+01 0. 1.02580853e+01 0. 7.45041752e+00
    0. 7.45041752e+00 0. 9.22543144e+00 8.64274902e+01 9.22543144e+00
    8.63995743e+01 9.22543144e+00 8.51211777e+01 7.44961309e+00
    8.58973007e+01 7.44961309e+00 8.46709824e+01 6.97595835e+00 0.
    1.06843910e+01 0. 9.00902748e+00 8.41137695e+01 9.00902748e+00
    8.45541153e+01 9.00902748e+00 8.52281113e+01 1.06656408e+01
    8.89016113e+01 1.60364780e+01 8.92624512e+01 2.15536003e+01
    8.80734024e+01 2.51622734e+01 9.10275040e+01 2.73029518e+01
    9.37496719e+01 2.70195885e+01 9.85856934e+01 3.06282616e+01
    1.01572594e+02 3.40461845e+01 1.05751709e+02 3.98298302e+01
    1.05318764e+02 4.52822075e+01 1.05618408e+02 4.82835312e+01
    1.03693932e+02 5.11176300e+01 9.72808456e+01 5.65115166e+01
    9.27925644e+01 6.04555054e+01 8.69896622e+01 6.04775620e+01
    8.15521622e+01 5.68688889e+01 8.29199219e+01 5.74501152e+01
    8.28882675e+01 5.78494453e+01 0. 5.98145828e+01 7.89184570e+01
    5.30990295e+01 7.82753067e+01 4.80880508e+01 7.91398087e+01
    4.06676025e+01 8.01512833e+01 3.69923477e+01 8.06684570e+01
    4.01438484e+01 8.14386368e+01 4.58587494e+01 8.11959610e+01
    4.42428970e+01 8.32978516e+01 3.94734879e+01 8.21179199e+01
