<?xml version="1.0"?>
<opencv_storage>
<graph_buffer type_id="opencv-matrix">
  <rows>3000</rows>
  <cols>2</cols>
  <dt>f</dt>
  <data>
    7.24161816e+00 0. 6.85500622e+00 2.16927099e+00 6.44249105e+00
    2.23307300e+00 6.03865242e+00 2.23945332e+00 5.62269115e+00
    2.20755219e+00 5.21898031e+00 2.22669268e+00 4.81412077e+00
    2.20117188e+00 4.37927437e+00 2.20117188e+00 3.97569084e+00
    2.18841147e+00 3.98334694e+00 2.22669268e+00 3.96509933e+00
    2.18841147e+00 3.98462248e+00 2.16289067e+00 3.99240637e+00
    2.13736963e+00 3.99189615e+00 2.16927099e+00 4.00733614e+00
    2.12460947e+00 4.00082827e+00 2.15651035e+00 4.03183603e+00
    2.09270811e+00 4.02405214e+00 2.04804659e+00 4.02507305e+00
    2.07356763e+00 4.03145313e+00 2.15013003e+00 4.01448202e+00
    2.17565107e+00 4.00695324e+00 2.19479156e+00 4.03681278e+00
    2.16927075e+00 4.01626873e+00 2.16289067e+00 4.01843834e+00
    2.07994795e+00 4.01856613e+00 2.07994795e+00 4.02609491e+00
    2.09908867e+00 4.02507401e+00 1.96510434e+00 4.01218557e+00
    1.88216150e+00 4.01856565e+00 1.86302090e+00 4.01078176e+00
    1.87578142e+00 3.99355507e+00 1.85026050e+00 3.99100256e+00
    1.90768242e+00 4.01856518e+00 1.92044282e+00 4.00516653e+00
    1.90768242e+00 3.98806763e+00 1.91406274e+00 3.97326589e+00
    1.97786486e+00 3.98104978e+00 1.98424506e+00 3.96816182e+00
    1.95872426e+00 3.97058630e+00 1.94596362e+00 3.97837019e+00
    1.94596362e+00 3.97007608e+00 1.93958342e+00 3.91686487e+00
    1.97786462e+00 3.93013525e+00 1.99062502e+00 3.94723439e+00
    2.00976562e+00 3.93307042e+00 1.98424470e+00 3.91571617e+00
    2.03528643e+00 3.92860413e+00 2.09908843e+00 3.94149208e+00
    2.15651035e+00 3.95335913e+00 2.17565107e+00 3.96943736e+00
    2.25221348e+00 4.00044537e+00 2.31601572e+00 4.01703358e+00
    2.43723965e+00 4.01728916e+00 2.51380205e+00 4.03400517e+00
    2.51380205e+00 4.02111721e+00 2.52018237e+00 4.17236614e+00
    2.47552085e+00 4.19176197e+00 2.41809893e+00 4.19431448e+00
    2.43723965e+00 4.18653059e+00 2.44361997e+00 4.20873404e+00
    2.39895844e+00 4.21690083e+00 2.34153652e+00 4.23884916e+00
    2.30963564e+00 4.27432346e+00 2.36067724e+00 4.29818535e+00
    2.31601572e+00 4.29818535e+00 2.37343740e+00 4.29818535e+00
    2.43085933e+00 4.28376627e+00 2.48828125e+00 4.59759331e+00
    2.45638013e+00 4.59261703e+00 2.53294253e+00 4.54425526e+00
    2.50742173e+00 4.54923153e+00 2.48828101e+00 4.54923153e+00
    2.47552061e+00 4.54782772e+00 2.45638013e+00 4.38050127e+00
    2.39895821e+00 4.34719658e+00 2.32239580e+00 4.35472536e+00
    2.22669268e+00 4.04345036e+00 2.09908843e+00 4.01295328e+00
    1.77369785e+00 4.01946068e+00 1.53124988e+00 3.96127319e+00
    1.27604163e+00 4.66480923e+00 1.02721345e+00 4.67654896e+00
    8.23046803e-01 5.12911892e+00 1.29518223e+00 5.57020473e+00
    8.93417931e+00 6.72632694e+00 1.66356125e+01 7.17175293e+00
    2.35371742e+01 9.54395199e+00 2.45043621e+01 1.11460781e+01
    2.50811863e+01 1.29753017e+01 2.55507164e+01 1.38183393e+01
    2.61317711e+01 1.55483809e+01 2.67444668e+01 1.67149353e+01
    2.71373081e+01 1.80497169e+01 2.08725281e+01 1.81625004e+01
    1.52634125e+01 1.89134827e+01 1.10658216e+01 1.81989498e+01
    1.32306004e+01 1.83429680e+01 1.61566410e+01 1.86540508e+01
    1.92914715e+01 1.94685631e+01 2.21128902e+01 2.02793026e+01
    2.48085938e+01 2.13151665e+01 2.70576172e+01 2.13224983e+01
    2.89057961e+01 2.26586304e+01 3.03166008e+01 2.36033306e+01
    3.13307304e+01 2.50038109e+01 3.19724617e+01 2.57252407e+01
    3.20475883e+01 2.62551060e+01 3.21587219e+01 2.68976345e+01
    3.24184189e+01 2.73784637e+01 3.28458290e+01 2.75059624e+01
    3.30912704e+01 2.82587624e+01 3.32104111e+01 2.74871216e+01
    3.30946579e+01 2.71690941e+01 3.31001244e+01 2.58268280e+01
    3.32462845e+01 2.51812172e+01 3.36401024e+01 2.47506657e+01
    3.37959633e+01 2.35846939e+01 3.39634132e+01 2.24074516e+01
    3.42399750e+01 2.13493195e+01 3.45789719e+01 2.07046642e+01
    3.49412155e+01 2.10506592e+01 3.51568375e+01 2.10837593e+01
    3.49779968e+01 2.13415565e+01 3.43957710e+01 2.17642479e+01
    3.36821632e+01 2.13990822e+01 3.29860687e+01 2.23495674e+01
    3.22114601e+01 2.23184109e+01 3.09038429e+01 2.24098053e+01
    2.92149754e+01 2.22943268e+01 2.77695961e+01 2.21683140e+01
    2.64306602e+01 2.24405346e+01 2.53351536e+01 2.25843086e+01
    2.47031231e+01 2.24337120e+01 2.41492195e+01 2.26671295e+01
    2.36726551e+01 2.19802227e+01 2.30374336e+01 2.22523766e+01
    2.26248684e+01 2.25271454e+01 2.26850243e+01 2.28320961e+01
    2.22628231e+01 2.28332977e+01 2.20533180e+01 2.27713203e+01
    2.19624977e+01 2.24368839e+01 2.22665977e+01 2.20479546e+01
    2.24971333e+01 2.15808353e+01 2.23448524e+01 2.18269691e+01
    2.23137321e+01 2.13120308e+01 2.23249321e+01 2.09940376e+01
    2.22742805e+01 2.13957043e+01 2.28098259e+01 2.09063892e+01
    2.30537071e+01 2.06174316e+01 2.29175758e+01 2.05441608e+01
    2.21018867e+01 2.05028439e+01 2.11455040e+01 2.05767746e+01
    2.04151669e+01 2.01486568e+01 1.97902966e+01 2.03041382e+01
    1.92352180e+01 2.03171806e+01 1.87242165e+01 1.96105633e+01
    1.79062481e+01 1.99473896e+01 1.71978493e+01 2.00797920e+01
    1.66394520e+01 2.05412159e+01 1.62711563e+01 2.04954414e+01
    1.62399712e+01 2.03913212e+01 1.62606754e+01 2.02451668e+01
    1.63854160e+01 2.00382862e+01 1.63751278e+01 1.96836967e+01
    1.65354805e+01 1.93884182e+01 1.66883450e+01 1.88861732e+01
    1.67402325e+01 1.87687378e+01 1.67824860e+01 1.81178169e+01
    1.67854805e+01 1.79297962e+01 1.66347656e+01 1.77738781e+01
    1.66356106e+01 1.77629585e+01 1.66664696e+01 1.77572079e+01
    1.69432278e+01 1.78516216e+01 1.69193993e+01 1.81482067e+01
    1.69020176e+01 1.85842552e+01 1.68550758e+01 1.82629890e+01
    1.68735008e+01 1.85741177e+01 1.69417934e+01 1.85340729e+01
    1.69317017e+01 1.88377647e+01 1.69321575e+01 1.88819580e+01
    1.67562447e+01 1.91639767e+01 1.66309853e+01 1.94539127e+01
    1.66998653e+01 1.92034187e+01 1.67516880e+01 1.88559856e+01
    1.70930290e+01 1.95721931e+01 1.72951145e+01 1.96141148e+01
    1.73684216e+01 1.97687130e+01 1.75506477e+01 1.96268692e+01
    1.77945290e+01 1.93183784e+01 1.80241508e+01 1.90175819e+01
    1.81441383e+01 1.88223305e+01 1.82396450e+01 1.88772774e+01
    1.83155575e+01 1.88568783e+01 1.81728477e+01 1.87607441e+01
    1.81890602e+01 1.84275799e+01 1.82037086e+01 1.84232197e+01
    1.82642555e+01 1.82708187e+01 1.82362614e+01 1.82425175e+01
    1.82240868e+01 1.81276340e+01 1.82897110e+01 1.80142536e+01
    1.82816372e+01 1.79837208e+01 1.82475872e+01 1.80702419e+01
    1.82634087e+01 1.75182552e+01 1.81939411e+01 1.74694786e+01
    1.81764927e+01 1.73812599e+01 1.81068306e+01 1.75288391e+01
    1.79680939e+01 1.74837933e+01 1.80087185e+01 1.76425285e+01
    1.78897743e+01 1.74894848e+01 1.79220009e+01 1.74063358e+01
    1.80419884e+01 1.74244442e+01 1.81375618e+01 1.74587994e+01
    1.82287712e+01 1.75869865e+01 1.83708305e+01 1.76252022e+01
    1.85218716e+01 1.76990585e+01 1.86777306e+01 1.76483154e+01
    1.85885391e+01 1.77079716e+01 1.85507145e+01 1.79559174e+01
    1.83753242e+01 1.80330715e+01 1.81565742e+01 1.79882641e+01
    1.79243469e+01 1.79634819e+01 1.76947899e+01 1.78462753e+01
    1.74520836e+01 1.78518143e+01 1.71669903e+01 1.77316380e+01
    1.69884090e+01 1.78450966e+01 1.69494762e+01 1.77523174e+01
    1.68378868e+01 1.76759758e+01 1.68943977e+01 1.75962257e+01
    1.69662743e+01 1.75645103e+01 1.70533829e+01 1.75332184e+01
    1.71492157e+01 1.76052666e+01 1.72785759e+01 1.76655979e+01
    1.75087852e+01 1.76986198e+01 1.75773411e+01 1.77354851e+01
    1.77285786e+01 1.77238617e+01 1.79848938e+01 1.77920437e+01
    1.79546204e+01 1.78996716e+01 1.80269508e+01 1.78822613e+01
    1.80641251e+01 1.79061756e+01 1.80255833e+01 1.78748436e+01
    1.79735661e+01 1.78608341e+01 1.78491516e+01 1.77713108e+01
    1.77714176e+01 1.78811169e+01 1.77414684e+01 1.80314827e+01
