<?xml version="1.0"?>
<opencv_storage>
<graph_buffer type_id="opencv-matrix">
  <rows>2000</rows>
  <cols>2</cols>
  <dt>f</dt>
  <data>
    5.55074463e+01 8.76386719e+01 4.87986259e+01 0. 4.24151802e+01 0.
    4.42562103e+01 0. 4.77233200e+01 8.62773438e+01 4.39467697e+01
    8.57735977e+01 4.82472191e+01 8.78205566e+01 5.12230339e+01
    8.56481094e+01 5.09935989e+01 8.77823868e+01 5.87699051e+01 0.
    6.38773613e+01 9.63828964e+01 7.41620407e+01 9.78643417e+01
    7.42024918e+01 1.06208008e+02 7.33215942e+01 1.11975342e+02
    7.46358795e+01 1.24611816e+02 7.59211884e+01 1.32565750e+02
    7.23604202e+01 1.36421310e+02 7.60146179e+01 1.36517014e+02
    7.24969330e+01 1.27899330e+02 7.24372787e+01 1.23798256e+02
    6.44293900e+01 1.18770592e+02 6.38428879e+01 1.13839439e+02
    6.74463730e+01 1.08717613e+02 6.97854156e+01 1.00618652e+02
    6.93263779e+01 9.43247910e+01 7.02847519e+01 8.92017441e+01
    6.83822403e+01 8.78745117e+01 6.57879181e+01 0. 5.69829636e+01 0.
    5.79094772e+01 0. 5.45577316e+01 0. 4.88110123e+01 0. 4.66953964e+01
    0. 3.82867966e+01 0. 3.62231827e+01 0. 3.23328972e+01 0.
    2.89179802e+01 0. 3.07383385e+01 0. 2.94803581e+01 0. 2.93125973e+01
    0. 3.07248497e+01 0. 2.95314064e+01 0. 3.09494629e+01 0.
    3.60425797e+01 0. 3.63167000e+01 0. 4.19558983e+01 0. 4.46090851e+01
    0. 4.86023140e+01 0. 5.16789932e+01 0. 4.99931412e+01 0.
    4.77492065e+01 0. 5.10735931e+01 0. 4.93704605e+01 8.88829727e+01
    5.33396797e+01 8.74557266e+01 5.62086487e+01 0. 5.95133553e+01 0.
    6.08284111e+01 8.88488770e+01 5.93130379e+01 9.54207382e+01
    6.06798096e+01 0. 6.52870865e+01 9.20557480e+01 6.35609207e+01
    9.10179825e+01 6.02204514e+01 9.23413925e+01 5.73432541e+01
    9.23064804e+01 5.50276299e+01 9.30091934e+01 5.46920662e+01
    9.36908340e+01 5.40381966e+01 9.40871582e+01 5.59401131e+01
    9.53722305e+01 5.92280388e+01 9.56700821e+01 5.83061104e+01
    9.71200333e+01 6.17441521e+01 9.50958633e+01 6.66112213e+01
    9.70264511e+01 6.84422760e+01 1.00141441e+02 6.89258804e+01
    1.01974609e+02 6.92515411e+01 1.05428711e+02 7.06881027e+01
    1.04099693e+02 6.93142548e+01 1.03969810e+02 6.85323639e+01
    9.90619278e+01 7.22082825e+01 9.42564316e+01 6.51519318e+01
    8.87399902e+01 5.91997375e+01 8.37375488e+01 5.35886841e+01 0.
    4.94607506e+01 0. 4.54252243e+01 0. 4.21758194e+01 0. 4.00449333e+01
    0. 3.89756889e+01 0. 3.18674583e+01 0. 3.25836449e+01 0.
    3.34919510e+01 0. 3.63292809e+01 0. 3.99947586e+01 0. 4.03795700e+01
    0. 3.77563210e+01 0. 3.85999222e+01 0. 3.82057266e+01 0.
    3.99551773e+01 0. 3.99979439e+01 0. 3.82809906e+01 0. 3.98667908e+01
    0. 3.69543953e+01 0. 3.81400986e+01 0. 3.82396088e+01 0.
    3.72983665e+01 0. 3.87087669e+01 8.09713516e+01 3.83330879e+01
    8.24228516e+01 4.42786446e+01 8.30003281e+01 5.02974167e+01
    8.49551620e+01 5.41847153e+01 8.83429337e+01 5.63621635e+01
    9.22788086e+01 5.29565048e+01 9.26538925e+01 5.61985168e+01
    9.48841171e+01 6.24715691e+01 9.30443497e+01 6.31919937e+01
    9.04101562e+01 6.49378052e+01 9.12452774e+01 6.66337128e+01
    8.94398575e+01 6.78865585e+01 9.12373047e+01 6.66467743e+01
    9.11077499e+01 6.97685318e+01 9.50985489e+01 7.48655853e+01
    9.55248184e+01 7.90991211e+01 9.69325333e+01 7.88318024e+01
    1.02112793e+02 8.09675446e+01 1.02711998e+02 8.18690796e+01
    1.04377846e+02 7.60112686e+01 1.12936607e+02 7.37517853e+01
    1.15983803e+02 6.90966034e+01 1.24976646e+02 7.10294037e+01
    1.27501465e+02 7.00472565e+01 1.32887451e+02 6.65976334e+01
    1.28962234e+02 6.51176224e+01 1.22327637e+02 6.32516289e+01
    1.13300865e+02 6.70309219e+01 1.02178627e+02 7.00346832e+01
    9.23371582e+01 7.17291412e+01 8.79536133e+01 7.34348450e+01
    8.34206543e+01 6.51482086e+01 0. 6.54660645e+01 0. 6.10746841e+01 0.
    5.55203323e+01 0. 4.95251884e+01 0. 4.23135796e+01 0. 4.19958496e+01
    0. 3.73720016e+01 0. 3.80208626e+01 8.52648087e+01 4.38078575e+01
    8.29418106e+01 4.49998436e+01 8.28933945e+01 5.16153030e+01
    8.23277206e+01 5.80985222e+01 8.64737167e+01 6.80123520e+01
    8.87951660e+01 7.17439728e+01 9.20173340e+01 7.62472229e+01
    9.36485977e+01 7.82960205e+01 9.43569336e+01 7.94237213e+01
    9.60183105e+01 7.50702667e+01 9.80901718e+01 7.54786835e+01
    9.93052597e+01 7.59695892e+01 1.00254150e+02 7.77032776e+01
    1.01393639e+02 7.39065247e+01 1.02044922e+02 7.58801193e+01
    1.01987221e+02 7.43676147e+01 1.06146973e+02 7.39947357e+01
    1.08371178e+02 7.17318497e+01 1.06309410e+02 7.53309250e+01
    1.04625244e+02 7.28332138e+01 1.00549644e+02 6.56436157e+01
    9.35974121e+01 6.03596802e+01 9.07219238e+01 5.89480591e+01
    8.97216797e+01 5.22350082e+01 8.79833145e+01 4.74145470e+01
    8.48262558e+01 4.67728233e+01 8.61343613e+01 4.62837448e+01
    8.51243515e+01 4.59555817e+01 8.57332382e+01 4.70017242e+01
    8.80024414e+01 5.03208656e+01 8.62276230e+01 5.40092392e+01
    8.62571640e+01 5.21181030e+01 8.87334824e+01 5.27968826e+01 0.
    5.31068001e+01 0. 5.35184631e+01 0. 5.40334167e+01 0. 5.02699471e+01
    0. 5.08878250e+01 0. 5.23246651e+01 0. 4.80656776e+01 8.53356094e+01
    5.17695618e+01 0. 5.19035873e+01 9.72658691e+01 5.19633408e+01
    1.02549889e+02 5.32566147e+01 1.10118004e+02 5.42971077e+01
    1.16790199e+02 6.01219063e+01 1.21386635e+02 5.94173965e+01
    1.31234299e+02 6.32164688e+01 1.37862228e+02 6.44709930e+01
    1.30436035e+02 5.91026306e+01 1.13321693e+02 6.31125298e+01
    1.07120850e+02 6.66714630e+01 1.02614830e+02 6.73766937e+01
    1.01324547e+02 6.41894989e+01 1.06158203e+02 6.74174957e+01 0.
    7.12186356e+01 1.11676270e+02 6.95280991e+01 1.08508873e+02
    7.22679367e+01 1.13498451e+02 7.79265594e+01 1.18425049e+02
    7.51443024e+01 1.16087074e+02 6.80558472e+01 1.06491127e+02
    6.24957886e+01 9.56910019e+01 6.24282455e+01 9.32373047e+01
    5.36291313e+01 0. 4.72284889e+01 0. 4.18566055e+01 0. 3.86343498e+01
    0. 3.35309563e+01 0. 2.96123543e+01 0. 3.16557217e+01 0.
    3.50548859e+01 0. 3.33340530e+01 0. 3.37586632e+01 0. 3.16688538e+01
    0. 3.19894962e+01 0. 2.78949165e+01 0. 2.68733215e+01 0.
    3.08832035e+01 0. 3.33396568e+01 0. 3.15303841e+01 0. 3.53347702e+01
    0. 3.35856895e+01 0. 3.80613594e+01 0. 4.05121651e+01 0.
    4.42017517e+01 0. 4.85119324e+01 0. 4.60830193e+01 0. 4.34103012e+01
    0. 4.73412857e+01 0. 4.80731812e+01 0. 5.03193016e+01 0.
    4.95808907e+01 0. 4.69398880e+01 0. 4.72585297e+01 0. 4.34430161e+01
    0. 4.35609818e+01 0. 4.35018463e+01 0. 4.24863052e+01 0.
    4.43829308e+01 0. 4.22967644e+01 0. 4.41875343e+01 0. 4.79521637e+01
    0. 4.98284035e+01 0. 5.28200188e+01 8.64274902e+01 5.46406250e+01
    8.65344238e+01 5.77879829e+01 8.51699219e+01 5.65514755e+01
    8.58658829e+01 5.01869125e+01 8.45380020e+01 5.30512314e+01 0.
    4.73872147e+01 0. 4.58513870e+01 8.33670273e+01 4.16946144e+01
    8.55441895e+01 3.66106186e+01 8.51217422e+01 3.55294075e+01
    8.96048965e+01 3.20717850e+01 8.89110489e+01 3.70980721e+01
    8.78763046e+01 4.07600746e+01 9.08068848e+01 4.17882195e+01
    9.37941895e+01 4.78113022e+01 9.84122696e+01 4.98424034e+01
    1.01509605e+02 5.61742134e+01 1.05665688e+02 6.16976738e+01
    1.05182701e+02 6.76779327e+01 1.05078453e+02 7.12105865e+01
    1.03755615e+02 6.83123398e+01 9.70725937e+01 6.83452606e+01
    9.34498672e+01 7.02403641e+01 8.78295898e+01 6.95344849e+01
    8.14794922e+01 6.90245209e+01 8.34752579e+01 5.92977409e+01
    8.27324219e+01 5.71438103e+01 0. 4.85760231e+01 7.99712753e+01
    4.49836502e+01 7.81980820e+01 4.34976921e+01 7.91635742e+01
    4.31369705e+01 8.01512833e+01 4.21233635e+01 8.07001953e+01
    3.84776230e+01 8.02797012e+01 3.85105400e+01 8.11831055e+01
    4.33635788e+01 8.29395370e+01 4.79060974e+01 8.22443008e+01
    5.14231262e+01 8.14597168e+01 5.51060867e+01 8.14634628e+01
    5.31399231e+01 8.05167618e+01 5.15958557e+01 0. 5.03849525e+01 0.
    5.46788559e+01 0. 5.07709084e+01 0. 5.31278458e+01 8.11380997e+01
