<?xml version="1.0"?>
<opencv_storage>
<groundtruth_buffer type_id="opencv-matrix">
  <rows>1000</rows>
  <cols>1</cols>
  <dt>f</dt>
  <data>
    7.61703949e+01 8.76024017e+01 8.94396362e+01 9.13162766e+01
    9.26618805e+01 9.34371338e+01 9.35288467e+01 9.25765381e+01
    9.08286591e+01 8.84915314e+01 7.70595245e+01 6.57597809e+01
    5.49758987e+01 4.48659592e+01 3.54157906e+01 2.63130150e+01
    1.76458855e+01 8.87181377e+00 -2.05993656e-05 -2.05993656e-05
    -2.05993656e-05 -2.05993656e-05 -2.05993656e-05 -2.05993656e-05
    -2.05993656e-05 -2.05993656e-05 -2.05993656e-05 -2.05993656e-05
    -2.05993656e-05 -2.05993656e-05 -2.05993656e-05 -2.05993656e-05
    8.91940498e+00 1.80450630e+01 2.76044121e+01 3.80461044e+01
    4.91011429e+01 6.10253067e+01 7.30630722e+01 8.50861969e+01
    9.67615280e+01 9.89926224e+01 1.00597488e+02 1.01486778e+02
    1.00863266e+02 9.97930450e+01 9.75987091e+01 9.46732025e+01
    9.16774902e+01 8.92662201e+01 8.74235077e+01 8.63457031e+01
    7.58970642e+01 6.60788803e+01 5.60940628e+01 4.63642349e+01
    3.72519722e+01 2.82245693e+01 1.89604988e+01 9.65269375e+00
    -1.60217278e-05 -1.60217278e-05 -1.60217278e-05 -1.60217278e-05
    -1.60217278e-05 1.90034733e+01 1.90034752e+01 1.90034752e+01
    2.68814125e+01 3.35066833e+01 3.93667526e+01 4.50920639e+01
    5.03821983e+01 5.54489861e+01 6.60628204e+01 7.69018784e+01
    8.76824875e+01 8.92064285e+01 9.09954758e+01 9.27475128e+01
    9.33940964e+01 9.31665802e+01 9.19796219e+01 9.04849930e+01
    8.49476700e+01 8.60196381e+01 8.69568863e+01 8.71099091e+01
    8.70031815e+01 8.68121567e+01 8.61460342e+01 8.53175659e+01
    8.48375626e+01 8.41666489e+01 8.32407455e+01 8.25972595e+01
    8.29447708e+01 7.36348495e+01 6.44324570e+01 5.55110893e+01
    4.65929031e+01 3.73588104e+01 2.81251278e+01 1.92239418e+01
    1.88363380e+01 1.79341316e+01 2.84221344e+01 2.84221344e+01
    2.84221344e+01 2.84221344e+01 2.84221344e+01 2.84221344e+01
    2.84221344e+01 1.94921207e+01 1.04880514e+01 4.73022446e-05
    4.73022446e-05 4.73022446e-05 4.73022446e-05 4.73022446e-05
    4.73022446e-05 4.73022446e-05 4.73022446e-05 4.73022446e-05
    4.73022446e-05 4.73022446e-05 9.17410374e+00 1.85905571e+01
    2.81816216e+01 3.86455765e+01 5.07009087e+01 6.43347244e+01
    7.91122055e+01 9.37257843e+01 1.07582787e+02 1.10939796e+02
    1.12720032e+02 1.13918625e+02 1.13764832e+02 1.12117043e+02
    1.08918198e+02 1.05347610e+02 9.07340317e+01 8.87676849e+01
    8.67301788e+01 8.55909653e+01 8.43710480e+01 8.33346405e+01
    8.16884766e+01 8.01564789e+01 7.79082413e+01 8.64803009e+01
    7.45896454e+01 6.40960922e+01 5.40386238e+01 4.44688873e+01
    3.51951408e+01 2.64337559e+01 1.75307865e+01 8.57214355e+00
    8.16345200e-05 8.16345200e-05 8.16345200e-05 8.75716972e+00
    1.83608818e+01 2.80967464e+01 3.70975113e+01 4.62690048e+01
    5.54997673e+01 6.53776550e+01 7.54181366e+01 8.59624481e+01
    8.83146667e+01 9.00223846e+01 9.14474487e+01 9.30594254e+01
    9.37913895e+01 9.35438690e+01 9.21099396e+01 9.04918594e+01
    8.84260406e+01 8.61419678e+01 8.40377731e+01 7.28768463e+01
    7.19121552e+01 7.13737335e+01 7.16401901e+01 7.26544418e+01
    7.27249603e+01 7.29936295e+01 7.33311844e+01 7.33626022e+01
    7.33626022e+01 6.37145576e+01 5.43495255e+01 4.50998154e+01
    3.56416130e+01 2.71486855e+01 1.84015312e+01 9.23873901e+00
    8.31603975e-05 8.31603975e-05 8.31603975e-05 8.31603975e-05
    8.31603975e-05 8.31603975e-05 8.31603975e-05 8.83007240e+00
    1.74891624e+01 2.60358524e+01 3.48661575e+01 4.42391472e+01
    5.45569763e+01 6.54841461e+01 7.69733734e+01 8.88649368e+01
    9.17859268e+01 9.46698303e+01 9.72386932e+01 9.87390060e+01
    9.90883331e+01 9.76027985e+01 9.49803391e+01 9.22029266e+01
    8.03113708e+01 6.85603943e+01 5.70174026e+01 4.59018478e+01
    3.55712242e+01 2.58489113e+01 1.70166206e+01 8.71191597e+00
    9.99450713e-05 9.99450713e-05 9.99450713e-05 9.18472767e+00
    1.81540318e+01 2.70642128e+01 3.60863304e+01 4.48119659e+01
    5.33345337e+01 6.16928635e+01 7.01411591e+01 7.86568298e+01
    7.79141083e+01 7.73895111e+01 7.69332809e+01 7.63768921e+01
    7.62501831e+01 7.64051514e+01 7.65973053e+01 7.69605789e+01
    7.71058502e+01 7.70787506e+01 7.70747070e+01 7.76264191e+01
    6.91606903e+01 6.05617599e+01 5.18842278e+01 4.33337402e+01
    3.45221786e+01 2.58612404e+01 1.74464359e+01 9.00576973e+00
    1.06048581e-04 1.06048581e-04 1.06048581e-04 1.06048581e-04
    9.76409531e+00 1.89725094e+01 2.82798424e+01 3.81272316e+01
    4.76985283e+01 5.74391975e+01 6.73868942e+01 7.74391479e+01
    8.78706131e+01 8.83627243e+01 8.98614349e+01 9.12232361e+01
    9.15725098e+01 9.20209732e+01 9.23390427e+01 9.21584930e+01
    9.18228149e+01 9.09876938e+01 9.01156006e+01 8.86207123e+01
    8.71453476e+01 8.55460205e+01 8.39863510e+01 8.23457108e+01
    8.12383041e+01 8.02539749e+01 7.93723450e+01 6.99883347e+01
    6.07761002e+01 6.07665024e+01 5.21691704e+01 4.37090797e+01
    3.52909775e+01 2.66312370e+01 1.78989964e+01 1.82887516e+01
    2.74207344e+01 3.64406967e+01 2.72565250e+01 2.72565250e+01
    2.72565250e+01 2.72565250e+01 2.72565250e+01 2.72565250e+01
    1.81520576e+01 9.02007484e+00 1.12152098e-04 1.12152098e-04
    1.12152098e-04 1.12152098e-04 1.12152098e-04 1.12152098e-04
    1.12152098e-04 1.12152098e-04 1.12152098e-04 1.12152098e-04
    1.12152098e-04 1.12152098e-04 1.12152098e-04 8.75376606e+00
    1.77970371e+01 2.67663879e+01 3.60702133e+01 4.61030235e+01
    5.70969849e+01 6.88634491e+01 8.19486694e+01 9.46877594e+01
    9.79674377e+01 1.00350655e+02 1.01999077e+02 1.02333977e+02
    1.01945702e+02 1.00192497e+02 9.76045380e+01 9.40357513e+01
    9.08762512e+01 8.88499756e+01 8.80278931e+01 8.85229568e+01
    9.03031693e+01 9.20860519e+01 9.42341385e+01 9.64139404e+01
    9.75489426e+01 9.81302032e+01 9.74844131e+01 9.59657745e+01
    9.40244598e+01 9.16454773e+01 8.95005875e+01 7.81117401e+01
    6.67534485e+01 5.61020088e+01 4.59411545e+01 3.65798874e+01
    2.74941216e+01 1.83225975e+01 9.28264809e+00 1.20544435e-04
    1.20544435e-04 1.20544435e-04 1.20544435e-04 1.20544435e-04
    1.20544435e-04 1.20544435e-04 1.20544435e-04 1.20544435e-04
    1.20544435e-04 1.20544435e-04 1.20544435e-04 1.20544435e-04
    1.20544435e-04 8.56116390e+00 1.75204811e+01 2.67569008e+01
    3.63897514e+01 4.70458221e+01 5.84095535e+01 7.02731705e+01
    8.22937241e+01 9.43604584e+01 9.74205399e+01 9.97006302e+01
    1.01179153e+02 1.01759941e+02 1.00908699e+02 9.87815094e+01
    9.61608429e+01 9.31108627e+01 8.99720917e+01 8.70861511e+01
    8.45300598e+01 8.25605850e+01 7.23469391e+01 6.25421028e+01
    5.33055534e+01 4.40626106e+01 3.50920296e+01 2.61640663e+01
    1.74288845e+01 8.74556828e+00 1.00708006e-04 1.00708006e-04
    1.00708006e-04 1.00708006e-04 1.00708006e-04 1.00708006e-04
    1.00708006e-04 1.00708006e-04 1.00708006e-04 9.57877159e+00
    1.91229858e+01 2.88378944e+01 3.81551437e+01 4.73356628e+01
    5.73243637e+01 6.79602127e+01 7.84197388e+01 8.88286896e+01
    8.90277634e+01 8.90442734e+01 8.87743530e+01 8.90302277e+01
    8.85859604e+01 8.73065643e+01 8.54638901e+01 8.40348892e+01
    8.23088226e+01 8.11615295e+01 8.02202835e+01 7.92711945e+01
    7.81916656e+01 7.83314972e+01 7.86615143e+01 6.98683395e+01
    6.08378181e+01 5.21549301e+01 4.35244789e+01 3.49050064e+01
    2.64091072e+01 1.79155025e+01 9.03942013e+00 9.76562515e-05
    9.76562515e-05 9.76562515e-05 9.76562515e-05 9.76562515e-05
    9.76562515e-05 9.72319317e+00 9.72319317e+00 1.83518219e+01
    2.68106194e+01 3.52385826e+01 4.37501717e+01 5.33099136e+01
    6.33975334e+01 7.47141800e+01 7.72680817e+01 9.07714386e+01
    9.57215652e+01 1.00236664e+02 1.03914223e+02 1.06746414e+02
    1.07173805e+02 1.06544388e+02 1.04367088e+02 1.00817383e+02
    9.59584503e+01 9.10188217e+01 8.72571640e+01 7.51516418e+01
    6.38078690e+01 5.38207321e+01 4.43625298e+01 3.52231903e+01
    2.64958954e+01 1.78514767e+01 9.21234131e+00 1.01470949e-04
