<?xml version="1.0"?>
<opencv_storage>
<groundtruth_buffer type_id="opencv-matrix">
  <rows>3700</rows>
  <cols>1</cols>
  <dt>f</dt>
  <data>
    9.97161842e-04 9.97161842e-04 9.97161842e-04 9.97161842e-04
    9.97161842e-04 9.97161842e-04 9.97161842e-04 9.97161842e-04
    9.97161842e-04 9.97161842e-04 9.97161842e-04 9.97161842e-04
    9.17216396e+00 1.75438347e+01 2.64845581e+01 3.57256126e+01
    4.60311813e+01 5.70491333e+01 6.95153732e+01 8.21763382e+01
    9.56929398e+01 1.00145653e+02 1.04825829e+02 1.08071312e+02
    1.10129395e+02 1.10185608e+02 1.08956261e+02 1.05523605e+02
    1.01744629e+02 9.69621429e+01 9.18684845e+01 8.71953125e+01
    8.39857864e+01 8.15746155e+01 8.08995743e+01 8.09903412e+01
    7.19567413e+01 6.30747604e+01 5.43406487e+01 4.58104401e+01
    3.74317627e+01 2.84550877e+01 1.95671139e+01 9.88037109e+00
    1.00097654e-03 1.00097654e-03 1.00097654e-03 1.00097654e-03
    1.00097654e-03 1.00097654e-03 1.00097654e-03 1.00097654e-03
    1.00097654e-03 9.42513084e+00 9.42513084e+00 1.84510098e+01
    2.74764500e+01 3.74078140e+01 4.88640633e+01 6.20173035e+01
    7.72138596e+01 9.37510147e+01 1.00750053e+02 1.16510925e+02
    1.21462692e+02 1.25415550e+02 1.27059532e+02 1.26511795e+02
    1.23579811e+02 1.17747665e+02 1.10548302e+02 1.02838501e+02
    9.53381653e+01 8.93347702e+01 8.41677551e+01 8.07808838e+01
    7.87855377e+01 7.79169312e+01 6.85525208e+01 5.92147446e+01
    5.05013771e+01 4.22408371e+01 3.42665863e+01 2.64553070e+01
    1.82668400e+01 9.35367203e+00 1.01928716e-03 1.01928716e-03
    1.01928716e-03 1.01928716e-03 1.01928716e-03 1.01928716e-03
    1.01928716e-03 1.01928716e-03 1.01928716e-03 1.01928716e-03
    1.01928716e-03 1.01928716e-03 1.01928716e-03 1.01928716e-03
    1.01928716e-03 1.01928716e-03 1.01928716e-03 1.01928716e-03
    8.62776852e+00 1.72657814e+01 2.59903564e+01 3.51877937e+01
    4.54444351e+01 5.68368416e+01 6.88484192e+01 8.13641663e+01
    9.38488312e+01 9.76114044e+01 1.00726929e+02 1.03168457e+02
    1.04474937e+02 1.04328903e+02 1.02568565e+02 9.97899475e+01
    9.62687378e+01 9.23927002e+01 8.87346268e+01 8.61422882e+01
    8.45878296e+01 8.42372055e+01 8.52060318e+01 7.55739594e+01
    6.63409958e+01 5.73464584e+01 4.87378273e+01 4.00065689e+01
    3.08453617e+01 2.12337151e+01 1.10804119e+01 9.76562500e-04
    9.76562500e-04 9.76562500e-04 9.76562500e-04 9.76562500e-04
    9.76562500e-04 9.76562500e-04 9.76562500e-04 9.52616310e+00
    1.83575840e+01 2.72011375e+01 2.72011375e+01 3.58134041e+01
    4.44755211e+01 5.34838066e+01 6.29759636e+01 7.32460785e+01
    7.40949020e+01 7.55143280e+01 7.69393463e+01 8.68278427e+01
    8.80714951e+01 8.88005447e+01 8.86250763e+01 8.75852051e+01
    8.55750046e+01 8.37022629e+01 7.34514160e+01 6.31828423e+01
    5.32943497e+01 4.34384308e+01 3.40472679e+01 2.52144566e+01
    1.67621708e+01 8.50225830e+00 9.80377197e-04 9.80377197e-04
    9.80377197e-04 9.80377197e-04 9.80377197e-04 9.80377197e-04
    9.80377197e-04 9.80377197e-04 9.80377197e-04 9.80377197e-04
    9.80377197e-04 9.80377197e-04 9.80377197e-04 9.80377197e-04
    9.80377197e-04 9.80377197e-04 9.80377197e-04 9.21990108e+00
    1.82879276e+01 2.74827118e+01 3.73784561e+01 4.82951126e+01
    6.00521240e+01 7.22596893e+01 8.41873016e+01 9.56667023e+01
    9.77224274e+01 9.93378372e+01 1.00494797e+02 1.00268906e+02
    9.87930756e+01 9.66103058e+01 9.41224213e+01 9.18195038e+01
    9.05223770e+01 8.93129807e+01 8.91906433e+01 9.02618103e+01
    9.15564423e+01 9.28791351e+01 9.34400635e+01 9.31226349e+01
    9.29150543e+01 8.27327881e+01 7.26675262e+01 6.21064377e+01
    5.06835289e+01 3.97190514e+01 2.89555264e+01 1.88203621e+01
    9.41811562e+00 9.84954881e-04 9.84954881e-04 9.84954881e-04
    9.84954881e-04 9.84954881e-04 9.84954881e-04 9.84954881e-04
    9.84954881e-04 9.84954881e-04 9.84954881e-04 9.84954881e-04
    9.84954881e-04 9.84954881e-04 9.84954881e-04 8.72655487e+00
    1.77059898e+01 2.72928219e+01 3.83764992e+01 5.13127213e+01
    6.75286713e+01 8.64282990e+01 1.06181763e+02 1.25824448e+02
    1.34956009e+02 1.41466537e+02 1.45332962e+02 1.45766144e+02
    1.43465240e+02 1.37025848e+02 1.27378639e+02 1.16280380e+02
    1.05007141e+02 9.54123535e+01 8.81736069e+01 8.31827164e+01
    8.04939117e+01 7.88398819e+01 7.77230148e+01 7.80253983e+01
    6.93701782e+01 6.10007401e+01 5.27384033e+01 4.44871826e+01
    3.60248299e+01 2.71967621e+01 1.82154884e+01 9.55578709e+00
    1.01013179e-03 1.01013179e-03 1.01013179e-03 1.01013179e-03
    1.01013179e-03 1.01013179e-03 1.01013179e-03 1.01013179e-03
    1.01013179e-03 1.01013179e-03 1.01013179e-03 1.01013179e-03
    1.01013179e-03 1.01013179e-03 1.01013179e-03 1.01013179e-03
    1.01013179e-03 1.01013179e-03 8.65862751e+00 1.72028255e+01
    2.59666443e+01 3.57394142e+01 4.72170486e+01 6.07273178e+01
    7.70483322e+01 9.47876816e+01 1.12576126e+02 1.21844215e+02
    1.29955048e+02 1.38045578e+02 1.46093109e+02 1.53345718e+02
    1.59905838e+02 1.63981552e+02 1.66462555e+02 1.67966965e+02
    1.66924988e+02 1.65277420e+02 1.48423065e+02 1.30602753e+02
    1.11872520e+02 9.18021393e+01 7.14054108e+01 5.11850510e+01
    3.18922062e+01 1.50084820e+01 1.02844241e-03 1.02844241e-03
    1.02844241e-03 1.02844241e-03 1.02844241e-03 1.02844241e-03
    1.02844241e-03 1.02844241e-03 1.02844241e-03 1.02844241e-03
    1.02844241e-03 1.02844241e-03 1.02844241e-03 1.02844241e-03
    1.02844241e-03 8.91788292e+00 1.81740360e+01 2.74408569e+01
    3.72255898e+01 4.76595001e+01 5.83651314e+01 6.95714798e+01
    8.13752594e+01 9.31366882e+01 9.63927307e+01 9.90970230e+01
    1.01420494e+02 1.02638916e+02 1.02709267e+02 1.02326187e+02
    1.01405029e+02 9.94589310e+01 9.73465424e+01 9.47331848e+01
    9.20920258e+01 8.94619446e+01 8.72120514e+01 7.67077789e+01
    6.63852234e+01 5.61000366e+01 4.62423630e+01 3.65933228e+01
    2.70337868e+01 1.77145081e+01 8.75428677e+00 1.03149412e-03
    1.03149412e-03 1.03149412e-03 1.03149412e-03 1.03149412e-03
    1.03149412e-03 1.03149412e-03 1.03149412e-03 1.03149412e-03
    1.03149412e-03 1.03149412e-03 1.03149412e-03 1.03149412e-03
    1.03149412e-03 1.03149412e-03 9.60917759e+00 2.14818001e+01
    3.38509827e+01 4.76564026e+01 6.41144257e+01 8.21728668e+01
    1.00684151e+02 1.20643410e+02 1.20643410e+02 1.28120285e+02
    1.30920258e+02 1.32362335e+02 1.33300522e+02 1.32899139e+02
    1.33212341e+02 1.31985809e+02 1.31859970e+02 1.52402924e+02
    1.55126923e+02 1.60122742e+02 1.63226318e+02 1.62986053e+02
    1.60279770e+02 1.54259262e+02 1.48286346e+02 1.39329926e+02
    1.29465408e+02 1.09656387e+02 8.99879608e+01 7.30731354e+01
    5.85697937e+01 4.52194290e+01 3.28683052e+01 2.15564785e+01
    1.06794767e+01 1.05895998e-03 1.05895998e-03 1.05895998e-03
    1.05895998e-03 1.05895998e-03 1.05895998e-03 1.05895998e-03
    1.05895998e-03 1.05895998e-03 1.05895998e-03 1.05895998e-03
    1.05895998e-03 1.05895998e-03 1.05895998e-03 1.05895998e-03
    1.05895998e-03 1.05895998e-03 1.05895998e-03 1.05895998e-03
    1.05895998e-03 1.05895998e-03 1.05895998e-03 1.05895998e-03
    1.56762848e+02 1.35462982e+02 1.18665512e+02 1.02916489e+02
    9.23627548e+01 9.24564896e+01 9.81090012e+01 1.10368301e+02
    1.25743126e+02 1.42242859e+02 1.65912857e+02 1.76020157e+02
    1.83527878e+02 1.84262192e+02 1.79199371e+02 1.68870621e+02
    1.54818802e+02 1.39028412e+02 1.21912521e+02 1.06730614e+02
    9.59542160e+01 8.84577637e+01 8.61937180e+01 8.77455597e+01
    9.18092804e+01 1.00217850e+02 1.12227257e+02 1.27339317e+02
    1.43912521e+02 1.58856110e+02 1.70216888e+02 1.76845886e+02
    1.76735931e+02 1.74132843e+02 1.67487976e+02 1.58081604e+02
    1.45879883e+02 1.31541672e+02 1.17797287e+02 1.06328835e+02
    9.84280472e+01 9.53369293e+01 9.54495621e+01 9.82738190e+01
    1.03972229e+02 1.09626328e+02 1.16608414e+02 1.23830116e+02
    1.29042389e+02 1.35528748e+02 1.47816299e+02 1.62357452e+02
    1.71099457e+02 1.74240250e+02 1.75963959e+02 1.78198639e+02
