<?xml version="1.0"?>
<opencv_storage>
<groundtruth_buffer type_id="opencv-matrix">
  <rows>2500</rows>
  <cols>1</cols>
  <dt>f</dt>
  <data>
    9.36952667e+01 9.38130951e+01 8.33594589e+01 8.36327438e+01
    8.38493271e+01 8.42831879e+01 8.44450989e+01 8.46521988e+01
    8.47986069e+01 7.42794952e+01 7.41882782e+01 7.41882782e+01
    6.35141068e+01 6.39406967e+01 6.39452820e+01 6.41050415e+01
    5.36472092e+01 5.36034012e+01 6.43870697e+01 5.39591751e+01
    6.48230133e+01 7.55964050e+01 6.46515732e+01 5.38081436e+01
    5.37059250e+01 6.43100739e+01 6.43164444e+01 6.43379669e+01
    7.47580490e+01 7.43575897e+01 7.39974747e+01 8.46985474e+01
    9.50614548e+01 9.48429947e+01 9.46806107e+01 9.43154449e+01
    9.43119659e+01 9.40310593e+01 8.35676804e+01 7.31544037e+01
    6.24533310e+01 6.23778687e+01 6.20630302e+01 6.25205574e+01
    6.27668343e+01 6.29820175e+01 5.28428345e+01 6.29802780e+01
    7.36673660e+01 7.36673660e+01 7.40867157e+01 7.49566803e+01
    7.42835007e+01 7.39339676e+01 7.31303787e+01 9.91821253e-06
    9.91821253e-06 9.91821253e-06 9.91821253e-06 9.91821253e-06
    9.91821253e-06 9.91821253e-06 9.91821253e-06 9.91821253e-06
    9.91821253e-06 9.91821253e-06 9.91821253e-06 9.91821253e-06
    9.91821253e-06 9.91821253e-06 9.91821253e-06 9.91821253e-06
    1.08640394e+01 2.14141445e+01 3.16560783e+01 4.14639664e+01
    5.07039413e+01 6.00355415e+01 6.93796158e+01 7.88389435e+01
    8.85731659e+01 8.70877533e+01 8.60272827e+01 8.50115662e+01
    8.38581467e+01 7.46181793e+01 6.52865753e+01 5.59425049e+01
    4.64831696e+01 3.67489510e+01 2.73703270e+01 1.78806953e+01
    1.90417690e+01 2.00732384e+01 2.94322472e+01 3.80492401e+01
    4.72994499e+01 5.60811577e+01 6.50081177e+01 7.44300156e+01
    8.38440857e+01 8.28105316e+01 8.27432632e+01 8.31166687e+01
    8.42182159e+01 8.47111130e+01 8.58620071e+01 8.67166443e+01
    8.70927353e+01 8.70290680e+01 8.68566055e+01 8.62422638e+01
    8.54204330e+01 8.48720245e+01 8.42308807e+01 8.31994705e+01
    8.25211945e+01 8.25865707e+01 7.32361755e+01 6.40548935e+01
    5.50505676e+01 4.61399803e+01 3.69698563e+01 2.78678856e+01
    1.89666996e+01 1.88823643e+01 1.80517921e+01 2.81714058e+01
    2.81714058e+01 2.81714058e+01 2.81714058e+01 2.81714058e+01
    2.81714058e+01 2.81714058e+01 1.91524200e+01 1.01196232e+01
    1.06811522e-05 1.06811522e-05 1.06811522e-05 1.06811522e-05
    1.06811522e-05 1.06811522e-05 1.06811522e-05 1.06811522e-05
    1.06811522e-05 1.06811522e-05 1.06811522e-05 9.17406654e+00
    1.84094353e+01 2.80004997e+01 3.84874802e+01 5.04118690e+01
    6.40456772e+01 7.86518402e+01 9.32866516e+01 1.07283249e+02
    1.10645828e+02 1.12805191e+02 1.14194313e+02 1.13908165e+02
    1.12461472e+02 1.09241737e+02 1.05889000e+02 1.02367004e+02
    1.00016090e+02 9.78054352e+01 9.64406357e+01 9.50830765e+01
    9.41046371e+01 9.24555969e+01 9.07530289e+01 8.84582443e+01
    8.59174957e+01 7.42717972e+01 6.39458122e+01 5.39158859e+01
    4.42932663e+01 3.50708694e+01 2.62422218e+01 1.75307217e+01
    8.57207966e+00 1.75476071e-05 1.75476071e-05 1.75476071e-05
    8.74937439e+00 1.80423679e+01 2.77774601e+01 3.66537056e+01
    4.56422157e+01 5.49384155e+01 6.41691742e+01 7.41671600e+01
    8.46596832e+01 8.69701080e+01 8.90359039e+01 9.05232086e+01
    9.23468399e+01 9.33186569e+01 9.31562195e+01 9.24949188e+01
    9.10309525e+01 8.86613770e+01 8.63943634e+01 8.43299332e+01
    7.31075439e+01 6.24076653e+01 6.14447327e+01 5.23109741e+01
    5.29066772e+01 5.30826721e+01 5.33076286e+01 5.33543091e+01
    5.33835144e+01 6.29856682e+01 6.29856682e+01 5.39882736e+01
    5.39882736e+01 4.48231125e+01 3.61131058e+01 2.77651939e+01
    1.89257317e+01 9.60217285e+00 1.60217278e-05 1.60217278e-05
    1.60217278e-05 1.60217278e-05 1.60217278e-05 1.60217278e-05
    8.69846153e+00 1.72899895e+01 2.61374416e+01 3.49497299e+01
    4.43227196e+01 5.44511528e+01 6.53642731e+01 7.68615570e+01
    8.88023987e+01 9.18638840e+01 9.46701279e+01 9.69467468e+01
    9.86987000e+01 9.89007263e+01 9.79428177e+01 9.53060379e+01
    9.24157791e+01 8.95868759e+01 7.78269501e+01 6.64291763e+01
    5.53051033e+01 4.47408600e+01 3.51658440e+01 2.59953213e+01
    1.77189884e+01 9.11195660e+00 9.91821253e-06 9.91821253e-06
    9.91821253e-06 9.04563141e+00 1.79709320e+01 2.67851505e+01
    3.53093605e+01 4.40233574e+01 5.24103508e+01 6.07831726e+01
    6.92837601e+01 7.77856674e+01 7.71295547e+01 7.67408752e+01
    7.63315887e+01 7.63339691e+01 7.62921371e+01 7.64881744e+01
    7.65222168e+01 7.66825714e+01 7.67352448e+01 7.67415619e+01
    7.72106094e+01 7.79820938e+01 6.94554977e+01 6.07833366e+01
    5.22003059e+01 4.37934456e+01 3.51325073e+01 2.65779266e+01
    1.81820927e+01 9.17642784e+00 1.22070314e-05 1.22070314e-05
    1.22070314e-05 9.54784775e+00 1.87263794e+01 2.80638161e+01
    3.76999893e+01 4.73512497e+01 5.71552200e+01 6.70362396e+01
    7.70585175e+01 8.73638840e+01 8.81789093e+01 8.96438370e+01
    9.09169769e+01 9.13934097e+01 9.18190460e+01 9.20811615e+01
    9.20192337e+01 9.16535721e+01 9.08509140e+01 8.98208160e+01
    8.84880905e+01 8.70487595e+01 8.57525406e+01 8.42052765e+01
    8.24882126e+01 8.11407852e+01 8.01798477e+01 7.92866974e+01
    7.86686554e+01 6.93579178e+01 6.91875305e+01 6.95553207e+01
    6.10256844e+01 5.26766548e+01 4.42049904e+01 3.55093193e+01
    3.60042267e+01 3.62287331e+01 4.52235184e+01 4.52983780e+01
    3.61142082e+01 3.61142082e+01 3.61142082e+01 3.61142082e+01
    3.61142082e+01 2.70097408e+01 1.80705223e+01 9.07573891e+00
    1.52587891e-05 1.52587891e-05 1.52587891e-05 1.52587891e-05
    1.52587891e-05 1.52587891e-05 1.52587891e-05 1.52587891e-05
    1.52587891e-05 1.52587891e-05 1.52587891e-05 1.52587891e-05
    8.53613186e+00 1.74135399e+01 2.65958652e+01 3.58996887e+01
    4.58728333e+01 5.68428345e+01 6.87140732e+01 8.15587692e+01
    9.45641861e+01 9.80258865e+01 1.00484039e+02 1.01683449e+02
    1.02256058e+02 1.01843140e+02 1.00163589e+02 9.73861847e+01
    9.40909348e+01 9.07961960e+01 8.84468842e+01 8.76204987e+01
    8.82290649e+01 8.98595505e+01 9.17453079e+01 9.36707993e+01
    9.59962540e+01 9.71910706e+01 9.76518707e+01 9.73349228e+01
    9.59336090e+01 9.39712143e+01 9.13209686e+01 8.89898071e+01
    7.77738571e+01 6.63545761e+01 5.56102982e+01 4.54388275e+01
    3.61072617e+01 2.69993992e+01 1.79714775e+01 9.11479759e+00
    -2.21252449e-05 -2.21252449e-05 -2.21252449e-05 -2.21252449e-05
    -2.21252449e-05 -2.21252449e-05 -2.21252449e-05 -2.21252449e-05
    -2.21252449e-05 -2.21252449e-05 -2.21252449e-05 -2.21252449e-05
    -2.21252449e-05 -2.21252449e-05 8.89722729e+00 1.76083603e+01
    2.67831573e+01 3.64674759e+01 4.70444679e+01 5.84459648e+01
    7.02625504e+01 8.22452164e+01 9.42443771e+01 9.74138641e+01
    1.00037315e+02 1.01740005e+02 1.02258965e+02 1.01555733e+02
    9.96576843e+01 9.70233688e+01 9.39652481e+01 9.09151535e+01
    8.77763824e+01 8.50824738e+01 8.28677673e+01 8.17008209e+01
    7.18270645e+01 6.23236160e+01 5.31413460e+01 4.42168007e+01
    3.52677269e+01 2.63397636e+01 1.76990910e+01 9.03630638e+00
    -3.05175781e-05 -3.05175781e-05 -3.05175781e-05 -3.05175781e-05
    -3.05175781e-05 -3.05175781e-05 -3.05175781e-05 -3.05175781e-05
    9.57863998e+00 1.90634136e+01 2.85383415e+01 3.79559708e+01
    4.72979507e+01 5.69811478e+01 6.76522369e+01 7.81275024e+01
    8.84602737e+01 8.88450623e+01 8.89711609e+01 8.88965836e+01
    8.90483322e+01 8.86473694e+01 8.76377563e+01 8.56040192e+01
    8.40516586e+01 8.26642303e+01 8.13947601e+01 8.02914505e+01
    7.94548645e+01 7.81533966e+01 7.78567352e+01 7.82909927e+01
    6.96536407e+01 6.07307320e+01 5.17853928e+01 4.30914078e+01
    3.45838509e+01 2.60200901e+01 1.77521782e+01 9.10782719e+00
    -1.83105476e-05 -1.83105476e-05 -1.83105476e-05 -1.83105476e-05
    -1.83105476e-05 -1.83105476e-05 9.72307777e+00 9.72307777e+00
    1.82586823e+01 2.68340492e+01 3.53848305e+01 4.39078178e+01
    5.27984924e+01 6.28484612e+01 7.40978851e+01 7.66981354e+01
