<?xml version="1.0"?>
<opencv_storage>
<groundtruth_buffer type_id="opencv-matrix">
  <rows>2000</rows>
  <cols>1</cols>
  <dt>f</dt>
  <data>
    1.14253662e+02 1.03348305e+02 9.81429825e+01 9.00528183e+01
    8.54202499e+01 8.73177872e+01 0. 0. 0. 0. 8.78501816e+01
    8.62412949e+01 8.55734024e+01 8.78921738e+01 9.22797012e+01
    9.62796249e+01 1.00246094e+02 1.05821533e+02 1.11548012e+02
    1.22191246e+02 1.32294357e+02 1.36410889e+02 1.36896561e+02
    1.28439865e+02 1.24741539e+02 1.17912514e+02 1.13529137e+02
    1.09426514e+02 1.01211182e+02 9.50033340e+01 8.90814590e+01
    8.48579941e+01 0. 0. 0. 0. 0. 0. 0. 0. 0. 0. 0. 0. 0. 0. 0. 0. 0. 0.
    0. 0. 0. 0. 0. 0. 0. 8.84598770e+01 8.72757950e+01 0. 0.
    8.88488770e+01 9.51799316e+01 0. 9.21333008e+01 9.30922852e+01
    9.22954941e+01 9.25596542e+01 9.40033340e+01 9.44400253e+01
    9.40871582e+01 9.54701309e+01 9.57134628e+01 9.68900528e+01
    9.49940567e+01 9.79065781e+01 1.00535889e+02 1.03744385e+02
    1.05287025e+02 1.02568359e+02 1.04982262e+02 9.89305038e+01
    9.42705917e+01 8.87909317e+01 8.37681503e+01 8.28306503e+01 0. 0. 0.
    0. 0. 0. 0. 0. 0. 0. 0. 0. 0. 0. 0. 0. 0. 0. 0. 0. 0. 0.
    8.04409180e+01 8.24643555e+01 8.30003281e+01 8.49551620e+01
    8.83985977e+01 9.21555176e+01 9.29494629e+01 9.44100723e+01
    9.29285507e+01 9.00866699e+01 9.09352188e+01 8.91555176e+01
    8.99812012e+01 9.11425781e+01 9.50768204e+01 9.57751465e+01
    9.74212265e+01 1.01978432e+02 1.02711998e+02 1.04033287e+02
    1.12759117e+02 1.17132164e+02 1.24940102e+02 1.27379723e+02
    1.32822510e+02 1.29570633e+02 1.23006187e+02 1.11902748e+02
    1.01995445e+02 9.16337891e+01 8.79536133e+01 8.34147110e+01 0. 0. 0.
    0. 0. 0. 0. 0. 8.49804688e+01 8.33734512e+01 8.24590683e+01
    8.38314590e+01 8.65538712e+01 8.86027832e+01 9.13329239e+01
    9.36044922e+01 9.44652481e+01 9.59468613e+01 9.81184082e+01
    9.93631210e+01 1.00254150e+02 1.01413490e+02 1.01880043e+02
    1.02247398e+02 1.06146973e+02 1.08293297e+02 1.06183594e+02
    1.04797852e+02 1.00209717e+02 9.36425781e+01 9.08582382e+01
    8.96631699e+01 8.82141113e+01 8.44684219e+01 8.70909042e+01
    8.51391602e+01 8.56826172e+01 8.59670410e+01 8.61877441e+01
    8.50152969e+01 8.82391739e+01 0. 0. 0. 0. 0. 0. 0. 8.44702148e+01
    9.03149414e+01 9.79223633e+01 1.02345131e+02 1.07561035e+02
    1.16864830e+02 1.21428955e+02 1.31382156e+02 1.37954102e+02
    1.30436035e+02 1.17275963e+02 1.07916176e+02 1.02316162e+02
    1.01116371e+02 0. 0. 1.11524574e+02 1.08998451e+02 1.11543861e+02
    1.17505127e+02 1.16549156e+02 1.06145264e+02 9.56910019e+01
    9.32373047e+01 0. 0. 0. 0. 0. 0. 0. 0. 0. 0. 0. 0. 0. 0. 0. 0. 0. 0.
    0. 0. 0. 0. 0. 0. 0. 0. 0. 0. 0. 0. 0. 0. 0. 0. 0. 0. 0. 0. 0. 0.
    8.64274902e+01 8.63995743e+01 8.51211777e+01 8.58973007e+01
    8.46709824e+01 0. 0. 8.41137695e+01 8.45541153e+01 8.52281113e+01
    8.89016113e+01 8.92624512e+01 8.80734024e+01 9.10275040e+01
    9.37496719e+01 9.85856934e+01 1.01572594e+02 1.05751709e+02
    1.05318764e+02 1.05618408e+02 1.03693932e+02 9.72808456e+01
    9.27925644e+01 8.69896622e+01 8.15521622e+01 8.29199219e+01
    8.28882675e+01 0. 7.89184570e+01 7.82753067e+01 7.91398087e+01
    8.01512833e+01 8.06684570e+01 8.14386368e+01 8.11959610e+01
    8.32978516e+01 8.21179199e+01 8.04894180e+01 8.14104843e+01
    8.04991837e+01 0. 0. 0. 0. 0. 0. 0. 0. 0. 0. 0. 1.16596191e+02
    1.18124023e+02 0. 1.21395180e+02 1.22615807e+02 1.28267334e+02
    1.31549072e+02 1.29841309e+02 1.25400475e+02 1.20524498e+02
    1.14823402e+02 1.13369469e+02 1.07162025e+02 1.03187012e+02
    9.84819336e+01 9.35831680e+01 9.12229004e+01 9.00424805e+01
    8.49486465e+01 8.37810898e+01 8.29837265e+01 8.35250626e+01
    8.86003418e+01 8.98355331e+01 9.07590332e+01 9.59793320e+01
    1.00645508e+02 1.06216064e+02 1.12080650e+02 1.16097572e+02
    1.21109131e+02 1.27201172e+02 1.26833336e+02 1.26853676e+02
    1.21451660e+02 1.07834961e+02 9.77875977e+01 9.09562988e+01
    8.49707031e+01 8.29571915e+01 8.42716446e+01 8.40188828e+01
    8.17713242e+01 8.43120956e+01 0. 0. 0. 0. 0. 0. 0. 0. 0.
    8.49054337e+01 8.31891251e+01 8.32692871e+01 8.21459961e+01
    8.29444962e+01 8.22173691e+01 8.21495743e+01 8.21693497e+01
    8.18530273e+01 8.15864258e+01 8.03616562e+01 8.14915390e+01
    8.21579590e+01 8.22658691e+01 8.27084122e+01 0. 8.18743515e+01 0.
    8.25572128e+01 8.26545410e+01 8.46578751e+01 8.70278320e+01
    9.01324844e+01 9.41156387e+01 9.72532578e+01 1.04604408e+02
    1.08178627e+02 1.13614098e+02 1.19342041e+02 1.24719322e+02
    1.25375488e+02 1.25048584e+02 1.20312012e+02 1.16312584e+02
    1.05893555e+02 9.99449081e+01 9.57078476e+01 8.88317871e+01
    8.67360001e+01 8.37094727e+01 8.36523438e+01 0. 0. 0. 0. 0. 0. 0. 0.
    0. 0. 0. 0. 0. 0. 0. 0. 0. 0. 0. 8.09248886e+01 7.89575195e+01 0.
    8.15250626e+01 8.21884766e+01 8.15829239e+01 8.39763184e+01
    8.57500000e+01 8.69906387e+01 8.73194199e+01 8.73619766e+01
    8.70225449e+01 8.68930664e+01 8.91329727e+01 8.82360840e+01
    8.88531876e+01 8.97466660e+01 9.14605331e+01 9.21331406e+01
    9.34412460e+01 9.76575546e+01 9.67355118e+01 1.01150391e+02
    1.07682129e+02 1.19436523e+02 1.28129959e+02 1.44792801e+02
    1.68658615e+02 1.81374680e+02 1.88458084e+02 1.81143478e+02
    1.59547440e+02 0. 1.26645592e+02 1.15005455e+02 1.10108238e+02
    1.01377197e+02 9.82606583e+01 9.95750351e+01 9.72526855e+01
    9.48885117e+01 9.78836288e+01 9.24496231e+01 9.44821777e+01 0. 0.
    8.52700195e+01 8.52403946e+01 8.44041367e+01 8.52849960e+01
    8.46145859e+01 8.33634415e+01 8.26433105e+01 8.32859726e+01
    8.30952988e+01 8.38443985e+01 8.24344101e+01 8.34553223e+01
    8.46831894e+01 8.60987167e+01 8.91871719e+01 9.33611679e+01
    9.66839981e+01 9.97648926e+01 9.93654785e+01 9.67155762e+01
    9.73176270e+01 9.74248886e+01 9.81974258e+01 1.04596924e+02
    1.09368080e+02 1.14163002e+02 1.22388512e+02 1.29868164e+02
    1.30395828e+02 1.29526611e+02 1.29313797e+02 1.23234291e+02
    1.10063881e+02 9.76780624e+01 9.36492538e+01 9.05099258e+01 0. 0. 0.
    0. 0. 0. 0. 0. 0. 0. 0. 0. 0. 0. 0. 0. 0. 0. 0. 0. 0. 0. 0. 0. 0. 0.
    0. 0. 0. 0. 0. 0. 0. 0. 0. 0. 0. 0. 0. 0. 0. 9.28065567e+01
    9.28317032e+01 9.26304550e+01 9.16903458e+01 8.81007462e+01
    8.57686386e+01 8.54338379e+01 8.31784668e+01 8.19102402e+01
    8.19641953e+01 8.51275253e+01 0. 0. 0. 0. 0. 0. 0. 0. 8.76389160e+01
    0. 9.14343262e+01 9.11157227e+01 9.19472656e+01 9.39608536e+01
    9.52379532e+01 9.79268417e+01 1.01176353e+02 1.04717041e+02
    1.04223389e+02 1.06432533e+02 1.08605553e+02 1.06965172e+02
    1.05278481e+02 9.97782364e+01 9.77880859e+01 9.46515274e+01
    8.56052246e+01 8.37801895e+01 8.20879745e+01 7.91054688e+01 0. 0. 0.
    0. 0. 0. 0. 0. 8.13543320e+01 0. 0. 0. 0. 8.07579727e+01
    8.03234024e+01 0. 7.84036484e+01 8.01412735e+01 8.01125488e+01
    8.25242538e+01 8.49243164e+01 8.39425430e+01 8.44831543e+01
    8.75132675e+01 8.65931778e+01 8.89096680e+01 9.10882187e+01
    9.22098770e+01 9.37347794e+01 9.66462402e+01 9.75954590e+01
    9.75734863e+01 1.02399170e+02 1.08316322e+02 1.06698242e+02
    1.09295494e+02 1.14963051e+02 1.15609535e+02 1.12701500e+02
    9.95500488e+01 9.45094376e+01 8.65942383e+01 0. 0. 0. 0. 0. 0. 0. 0.
    0. 0. 0. 0. 0. 0. 0. 0. 0. 0. 0. 0. 0. 0. 8.76194687e+01
    9.31276016e+01 9.58585587e+01 9.90455704e+01 1.06498619e+02
    1.10713623e+02 1.11635010e+02 1.15318199e+02 1.20762291e+02
    1.19388344e+02 1.20204994e+02 1.15855064e+02 1.12098061e+02
    1.04734131e+02 1.00000893e+02 9.25920410e+01 9.58642578e+01 0. 0. 0.
    0. 0. 0. 0. 0. 0. 0. 0. 0. 0. 0. 0. 0. 0. 0. 0. 0. 0. 0. 0. 0. 0. 0.
    0. 0. 0. 0. 0. 0. 0. 0. 0. 0. 0. 0. 0. 0. 8.63297501e+01
    8.49978867e+01 9.15275879e+01 8.94240723e+01 8.76198730e+01
    8.70679550e+01 8.45711288e+01 8.59838028e+01 8.73125839e+01
    9.17505722e+01 9.16919785e+01 9.35934219e+01 9.83300781e+01
    1.01088951e+02 1.03888184e+02 1.10773926e+02 1.17297768e+02
