<?xml version="1.0"?>
<opencv_storage>
<groundtruth_buffer type_id="opencv-matrix">
  <rows>1000</rows>
  <cols>1</cols>
  <dt>f</dt>
  <data>
    9.61050644e+01 9.61481247e+01 9.69707489e+01 9.68576965e+01
    9.68152008e+01 9.66878433e+01 9.66414795e+01 9.65632401e+01
    9.65041351e+01 9.65606003e+01 9.67458801e+01 9.61819916e+01
    9.62625198e+01 9.63851013e+01 9.62618942e+01 9.64329071e+01
    9.69711380e+01 9.69809647e+01 9.66132889e+01 9.64526520e+01
    9.63939285e+01 9.67768631e+01 9.69832306e+01 9.71000061e+01
    9.71539307e+01 9.73656540e+01 9.74187164e+01 9.75634918e+01
    9.72469025e+01 9.73938828e+01 9.70130768e+01 9.72854462e+01
    9.76206055e+01 9.77789001e+01 9.71965256e+01 9.70313797e+01
    9.75675507e+01 9.82277679e+01 9.81094666e+01 9.78145523e+01
    9.73230743e+01 9.66096878e+01 9.64939270e+01 9.67976837e+01
    9.72944489e+01 9.71789093e+01 9.70087433e+01 9.75098953e+01
    9.83642807e+01 9.86074371e+01 9.91309738e+01 9.91257172e+01
    9.88397064e+01 9.85160370e+01 9.79994431e+01 9.76687469e+01
    9.77969284e+01 9.76090240e+01 9.79824905e+01 9.81493607e+01
    9.84497604e+01 9.86291809e+01 9.88171539e+01 9.91337585e+01
    9.95363693e+01 9.87600784e+01 9.79722214e+01 9.69949493e+01
    9.65329285e+01 9.62942810e+01 9.67399216e+01 9.67053680e+01
    9.65687485e+01 9.64379883e+01 9.65434036e+01 9.69814529e+01
    9.74209900e+01 9.78975906e+01 9.81081696e+01 9.78275681e+01
    9.75740967e+01 9.81011505e+01 9.79923859e+01 9.84002838e+01
    9.85844421e+01 9.87262802e+01 9.80782394e+01 9.78652191e+01
    9.81252899e+01 9.82703400e+01 9.77172699e+01 9.79977417e+01
    9.80679474e+01 9.84470673e+01 9.83761749e+01 9.82906342e+01
    9.81034546e+01 9.72860641e+01 9.67922516e+01 9.64094086e+01
    9.58261414e+01 9.52719269e+01 9.45746536e+01 9.41503677e+01
    9.43049393e+01 9.43651352e+01 9.45514679e+01 9.49499817e+01
    9.52804337e+01 9.55304337e+01 9.62848587e+01 9.65909119e+01
    9.69690933e+01 9.72406082e+01 9.74283295e+01 9.79835663e+01
    9.81768265e+01 9.84345779e+01 9.81611557e+01 9.75193329e+01
    9.71446228e+01 9.69013748e+01 9.69184799e+01 9.70703049e+01
    9.70944672e+01 9.69197845e+01 9.72407990e+01 9.80682068e+01
    9.82468719e+01 9.85751724e+01 9.84156647e+01 9.81396027e+01
    9.74798737e+01 9.73467255e+01 9.75960770e+01 9.75902939e+01
    9.70713806e+01 9.69806519e+01 9.66850052e+01 9.69726715e+01
    9.68342514e+01 9.69641266e+01 9.63170395e+01 9.60755310e+01
    9.58692780e+01 9.57928619e+01 9.55649567e+01 9.58498611e+01
    9.56326141e+01 9.58499832e+01 9.59494476e+01 9.62425232e+01
    9.60095901e+01 9.54768524e+01 9.58393021e+01 9.62430496e+01
    9.69925842e+01 9.79909210e+01 9.79201736e+01 9.82085114e+01
    9.90392914e+01 1.00001083e+02 1.00690262e+02 1.00772995e+02
    1.00876640e+02 1.00234650e+02 9.98079071e+01 1.00020065e+02
    9.99856262e+01 9.92972717e+01 9.85819778e+01 9.82358704e+01
    9.79070587e+01 9.74228058e+01 9.76731720e+01 9.75765915e+01
    9.78061066e+01 9.75525589e+01 9.72008514e+01 9.69336090e+01
    9.72435455e+01 9.72241974e+01 9.76352310e+01 9.72238235e+01
    9.67455597e+01 9.68607101e+01 8.92663498e+01 9.02722015e+01
    9.10305099e+01 9.19579697e+01 9.30687637e+01 9.40665741e+01
    9.49212418e+01 9.59541702e+01 8.46941528e+01 8.55578156e+01
    8.73292236e+01 8.88471222e+01 9.04592285e+01 9.19265518e+01
    9.30223770e+01 9.45495682e+01 9.62870712e+01 9.63721695e+01
    9.66660995e+01 9.67998276e+01 9.68073807e+01 9.70655441e+01
    9.72250443e+01 9.74420853e+01 9.72131882e+01 9.67313919e+01
    9.72651825e+01 9.72467957e+01 9.72154083e+01 9.69922180e+01
    9.66869354e+01 9.61844482e+01 9.60793991e+01 9.62139130e+01
    9.65429840e+01 9.66167450e+01 9.67611160e+01 9.68969650e+01
    9.71138535e+01 9.70449448e+01 9.73697891e+01 9.76257706e+01
    9.75385437e+01 9.71470032e+01 9.64969406e+01 9.64944534e+01
    9.68829575e+01 9.73401566e+01 9.79012527e+01 9.80644379e+01
    9.77614975e+01 9.72578049e+01 9.71800995e+01 9.71912994e+01
    9.71462097e+01 9.63719940e+01 9.57592087e+01 9.52827377e+01
    9.55644836e+01 9.58942413e+01 9.62332916e+01 9.62949371e+01
    9.63220749e+01 9.64711914e+01 9.64152679e+01 9.65855179e+01
    9.66964417e+01 9.61107330e+01 9.56257706e+01 9.56628265e+01
    9.57192917e+01 9.59045715e+01 9.53406830e+01 9.54212112e+01
    9.55437927e+01 9.54205856e+01 9.55915985e+01 9.61298294e+01
    9.61396561e+01 9.57719803e+01 9.56113434e+01 9.55526199e+01
    9.59355545e+01 9.61419220e+01 9.62586975e+01 9.63126221e+01
    9.65243454e+01 9.65774078e+01 9.67221832e+01 9.64055939e+01
    9.65525742e+01 9.61717682e+01 9.64441376e+01 9.67792969e+01
    9.69375916e+01 9.63552170e+01 9.61900711e+01 9.67262421e+01
    9.73864594e+01 9.72681580e+01 9.69732437e+01 9.64817657e+01
    9.57683792e+01 9.56526184e+01 9.59563751e+01 9.64531403e+01
    9.63376007e+01 9.61674347e+01 9.66685867e+01 9.75229721e+01
    9.77661285e+01 9.82896652e+01 9.82844086e+01 9.79983978e+01
    9.76747284e+01 9.71581345e+01 9.68274384e+01 9.69556198e+01
    9.67677155e+01 9.71411819e+01 9.73080521e+01 9.76084518e+01
    9.77878723e+01 9.79758453e+01 9.82924500e+01 9.86950607e+01
    9.79187698e+01 9.71309128e+01 9.61536407e+01 9.56916199e+01
    9.54529724e+01 9.58986130e+01 9.58640594e+01 9.57274399e+01
    9.55966797e+01 9.57020950e+01 9.61401443e+01 9.65796814e+01
    9.70562820e+01 9.72668610e+01 9.69862595e+01 9.67327881e+01
    9.72598419e+01 9.71510773e+01 9.75589752e+01 9.77431335e+01
    9.78849716e+01 9.72369308e+01 9.70239105e+01 9.72839813e+01
    9.74290314e+01 9.68759613e+01 9.71564331e+01 9.72266388e+01
    9.76057587e+01 9.75348663e+01 9.74493256e+01 9.72621460e+01
    9.64447556e+01 9.59509430e+01 9.55681000e+01 9.49848328e+01
    9.44306183e+01 9.37333450e+01 9.33090591e+01 9.34636307e+01
    9.35238266e+01 9.37101593e+01 9.41086731e+01 9.44391251e+01
    9.46891251e+01 9.54435501e+01 9.57496033e+01 9.61277847e+01
    9.63992996e+01 9.65870209e+01 9.71422577e+01 9.73355179e+01
    9.75932693e+01 9.73198471e+01 9.66780243e+01 9.63033142e+01
    9.60600662e+01 9.60771713e+01 9.62289963e+01 9.62531586e+01
    9.60784760e+01 9.63994904e+01 9.72268982e+01 9.74055634e+01
    9.77338638e+01 9.75743561e+01 9.72982941e+01 9.66385651e+01
    9.65054169e+01 9.67547684e+01 9.67489853e+01 9.62300720e+01
    9.61393433e+01 9.58436966e+01 9.61313629e+01 9.59929428e+01
    9.61228180e+01 9.54757309e+01 9.52342224e+01 9.50279694e+01
    9.49515533e+01 9.47236481e+01 9.50085526e+01 9.47913055e+01
    9.50086746e+01 9.51081390e+01 9.54012146e+01 9.51682816e+01
    9.46355438e+01 9.49979935e+01 9.54017410e+01 9.61512756e+01
    9.71496124e+01 9.70788651e+01 9.73672028e+01 9.81979828e+01
    9.91597748e+01 9.98489532e+01 9.99316864e+01 1.00035332e+02
    9.93933411e+01 9.89665985e+01 9.91787567e+01 9.91443176e+01
    9.84559631e+01 9.77406693e+01 9.73945618e+01 9.70657501e+01
    9.65814972e+01 9.68318634e+01 9.67352829e+01 9.69647980e+01
    9.67112503e+01 9.63595428e+01 9.60923004e+01 9.64022369e+01
    9.63828888e+01 9.67939224e+01 9.63825150e+01 9.59042511e+01
    9.60194016e+01 9.60602646e+01 9.64671021e+01 9.65275803e+01
    9.61528931e+01 9.63240204e+01 9.62778702e+01 9.62356415e+01
    9.65519333e+01 9.63339386e+01 9.67166214e+01 9.67288589e+01
    9.69389496e+01 9.67782440e+01 9.68512650e+01 9.68097000e+01
    9.70380249e+01 9.71597443e+01 9.73118210e+01 9.74517059e+01
    9.73479462e+01 9.70806351e+01 9.75579071e+01 9.69729919e+01
    9.66879883e+01 9.65559845e+01 9.63017120e+01 9.56301270e+01
    9.45206146e+01 9.43469772e+01 9.42307129e+01 9.43728867e+01
    8.73155899e+01 8.83722305e+01 8.91725998e+01 9.00380402e+01
    9.10418243e+01 9.20586014e+01 9.33708038e+01 9.49347000e+01
    9.62916489e+01 9.58502731e+01 9.60028992e+01 9.60861664e+01
    9.62692108e+01 9.64409256e+01 9.69541779e+01 6.19999981e+00
    6.19999981e+00 6.19999981e+00 6.19999981e+00 6.19999981e+00
    6.19999981e+00 6.19999981e+00 6.19999981e+00 6.19999981e+00
