<?xml version="1.0"?>
<opencv_storage>
<groundtruth_buffer type_id="opencv-matrix">
  <rows>2000</rows>
  <cols>1</cols>
  <dt>f</dt>
  <data>
    0. 0. 0. 8.62773438e+01 8.57735977e+01 8.78205566e+01 8.56481094e+01
    8.77823868e+01 0. 9.63828964e+01 9.78643417e+01 1.06208008e+02
    1.11975342e+02 1.24611816e+02 1.32565750e+02 1.36421310e+02
    1.36517014e+02 1.27899330e+02 1.23798256e+02 1.18770592e+02
    1.13839439e+02 1.08717613e+02 1.00618652e+02 9.43247910e+01
    8.92017441e+01 8.78745117e+01 0. 0. 0. 0. 0. 0. 0. 0. 0. 0. 0. 0. 0.
    0. 0. 0. 0. 0. 0. 0. 0. 0. 0. 0. 0. 8.88829727e+01 8.74557266e+01 0.
    0. 8.88488770e+01 9.54207382e+01 0. 9.20557480e+01 9.10179825e+01
    9.23413925e+01 9.23064804e+01 9.30091934e+01 9.36908340e+01
    9.40871582e+01 9.53722305e+01 9.56700821e+01 9.71200333e+01
    9.50958633e+01 9.70264511e+01 1.00141441e+02 1.01974609e+02
    1.05428711e+02 1.04099693e+02 1.03969810e+02 9.90619278e+01
    9.42564316e+01 8.87399902e+01 8.37375488e+01 0. 0. 0. 0. 0. 0. 0. 0.
    0. 0. 0. 0. 0. 0. 0. 0. 0. 0. 0. 0. 0. 0. 0. 8.09713516e+01
    8.24228516e+01 8.30003281e+01 8.49551620e+01 8.83429337e+01
    9.22788086e+01 9.26538925e+01 9.48841171e+01 9.30443497e+01
    9.04101562e+01 9.12452774e+01 8.94398575e+01 9.12373047e+01
    9.11077499e+01 9.50985489e+01 9.55248184e+01 9.69325333e+01
    1.02112793e+02 1.02711998e+02 1.04377846e+02 1.12936607e+02
    1.15983803e+02 1.24976646e+02 1.27501465e+02 1.32887451e+02
    1.28962234e+02 1.22327637e+02 1.13300865e+02 1.02178627e+02
    9.23371582e+01 8.79536133e+01 8.34206543e+01 0. 0. 0. 0. 0. 0. 0. 0.
    8.52648087e+01 8.29418106e+01 8.28933945e+01 8.23277206e+01
    8.64737167e+01 8.87951660e+01 9.20173340e+01 9.36485977e+01
    9.43569336e+01 9.60183105e+01 9.80901718e+01 9.93052597e+01
    1.00254150e+02 1.01393639e+02 1.02044922e+02 1.01987221e+02
    1.06146973e+02 1.08371178e+02 1.06309410e+02 1.04625244e+02
    1.00549644e+02 9.35974121e+01 9.07219238e+01 8.97216797e+01
    8.79833145e+01 8.48262558e+01 8.61343613e+01 8.51243515e+01
    8.57332382e+01 8.80024414e+01 8.62276230e+01 8.62571640e+01
    8.87334824e+01 0. 0. 0. 0. 0. 0. 0. 8.53356094e+01 0. 9.72658691e+01
    1.02549889e+02 1.10118004e+02 1.16790199e+02 1.21386635e+02
    1.31234299e+02 1.37862228e+02 1.30436035e+02 1.13321693e+02
    1.07120850e+02 1.02614830e+02 1.01324547e+02 1.06158203e+02 0.
    1.11676270e+02 1.08508873e+02 1.13498451e+02 1.18425049e+02
    1.16087074e+02 1.06491127e+02 9.56910019e+01 9.32373047e+01 0. 0. 0.
    0. 0. 0. 0. 0. 0. 0. 0. 0. 0. 0. 0. 0. 0. 0. 0. 0. 0. 0. 0. 0. 0. 0.
    0. 0. 0. 0. 0. 0. 0. 0. 0. 0. 0. 0. 0. 0. 8.64274902e+01
    8.65344238e+01 8.51699219e+01 8.58658829e+01 8.45380020e+01 0. 0.
    8.33670273e+01 8.55441895e+01 8.51217422e+01 8.96048965e+01
    8.89110489e+01 8.78763046e+01 9.08068848e+01 9.37941895e+01
    9.84122696e+01 1.01509605e+02 1.05665688e+02 1.05182701e+02
    1.05078453e+02 1.03755615e+02 9.70725937e+01 9.34498672e+01
    8.78295898e+01 8.14794922e+01 8.34752579e+01 8.27324219e+01 0.
    7.99712753e+01 7.81980820e+01 7.91635742e+01 8.01512833e+01
    8.07001953e+01 8.02797012e+01 8.11831055e+01 8.29395370e+01
    8.22443008e+01 8.14597168e+01 8.14634628e+01 8.05167618e+01 0. 0. 0.
    0. 8.11380997e+01 8.35156250e+01 8.14169922e+01 8.11282578e+01 0.
    8.25574570e+01 8.45367813e+01 8.98398438e+01 9.11941757e+01
    9.66741562e+01 1.02078529e+02 1.06850586e+02 1.12773277e+02
    1.17122154e+02 1.21746826e+02 1.23760010e+02 1.22075600e+02
    1.17799232e+02 1.13055504e+02 1.13585854e+02 1.03246582e+02
    9.67120743e+01 9.40722656e+01 9.13878555e+01 8.97340469e+01
    8.57460938e+01 8.37993164e+01 8.29832382e+01 8.33748398e+01
    8.86552734e+01 8.98013535e+01 9.07590332e+01 9.63018417e+01
    1.00621254e+02 1.06224205e+02 1.12017174e+02 1.16558678e+02
    1.21200768e+02 1.27439781e+02 1.28468338e+02 1.26682701e+02
    1.21485435e+02 1.07549644e+02 9.90810547e+01 9.19720840e+01
    8.43086777e+01 8.32181015e+01 8.43476562e+01 8.33622208e+01
    8.12170410e+01 8.43797989e+01 0. 0. 0. 0. 0. 0. 0. 0. 0.
    8.47036972e+01 8.31891251e+01 8.32692871e+01 8.27667618e+01
    8.28435898e+01 8.22163925e+01 8.25765762e+01 8.23262558e+01
    8.17216797e+01 8.15042343e+01 8.06922989e+01 8.13780136e+01
    8.23610001e+01 8.23451309e+01 8.15284042e+01 0. 8.13670273e+01
    8.19949570e+01 8.24773788e+01 8.28089981e+01 8.55176620e+01
    8.70278320e+01 9.04034805e+01 9.41451035e+01 9.81290665e+01
    1.04703453e+02 1.08182129e+02 1.13614098e+02 1.19916908e+02
    1.24778969e+02 1.25937744e+02 1.24602135e+02 1.19779701e+02
    1.13324219e+02 1.05418053e+02 1.00070473e+02 9.53869629e+01
    8.85889511e+01 8.63902969e+01 8.30779648e+01 8.44387207e+01 0. 0. 0.
    0. 0. 0. 0. 0. 0. 0. 0. 0. 0. 0. 0. 0. 0. 0. 8.11316757e+01
    8.14940567e+01 7.97063828e+01 0. 8.10306778e+01 8.21517715e+01
    8.28662109e+01 8.36092911e+01 8.54485703e+01 8.70701523e+01
    8.72834473e+01 8.76974258e+01 8.68365860e+01 8.86410294e+01
    8.89677734e+01 8.83585587e+01 8.88531876e+01 8.97302246e+01
    9.14292831e+01 9.15882187e+01 9.31337891e+01 9.77906113e+01
    9.69746094e+01 1.01481529e+02 1.07164307e+02 1.18811852e+02
    1.28491379e+02 1.45511551e+02 1.69768875e+02 1.81106277e+02
    1.88635254e+02 1.80292801e+02 1.61057297e+02 0. 1.29175781e+02
    1.15735435e+02 1.10407715e+02 1.01978600e+02 9.86888809e+01
    9.95003281e+01 9.68844376e+01 9.42416153e+01 9.72634277e+01
    9.22041855e+01 9.46474609e+01 0. 0. 8.50349960e+01 8.48875351e+01
    8.46601562e+01 8.51108398e+01 0. 8.33634415e+01 8.26337891e+01
    8.34169083e+01 8.37179337e+01 8.40975723e+01 8.35508652e+01
    8.33092422e+01 8.47025528e+01 8.62881699e+01 8.99621582e+01
    9.40869141e+01 9.80329590e+01 9.95215683e+01 9.81312637e+01
    9.68429337e+01 9.73577499e+01 9.70135880e+01 9.83006210e+01
    1.01074463e+02 1.09382973e+02 1.14206383e+02 1.25216393e+02
    1.30587891e+02 1.30094238e+02 1.29876633e+02 1.28447098e+02
    1.22869225e+02 1.10045410e+02 9.78608398e+01 9.80773087e+01
    9.06961288e+01 0. 0. 0. 0. 0. 0. 0. 0. 0. 0. 0. 0. 0. 0. 0. 0. 0. 0.
    0. 0. 0. 0. 0. 0. 0. 0. 0. 0. 0. 0. 0. 0. 0. 0. 0. 0. 0. 0. 0. 0. 0.
    9.24169922e+01 9.28390274e+01 9.27564316e+01 9.16154785e+01
    8.84631348e+01 8.57950058e+01 8.54391251e+01 8.30788574e+01
    8.19352188e+01 8.29386368e+01 8.45769882e+01 0. 0. 0. 0. 0. 0. 0. 0.
    8.81057968e+01 0. 9.15986328e+01 9.11942520e+01 9.19733887e+01
    9.39584961e+01 9.54283829e+01 9.80318985e+01 1.02041992e+02
    1.04545982e+02 1.04924805e+02 1.06332115e+02 1.08868652e+02
    1.06728111e+02 1.05348228e+02 9.98894043e+01 9.77880859e+01
    9.46515274e+01 8.55894394e+01 8.40465469e+01 8.26442032e+01
    7.89906387e+01 0. 0. 0. 0. 0. 0. 0. 0. 0. 0. 0. 0. 0. 8.04161758e+01
    8.02994003e+01 0. 7.81951523e+01 8.04322128e+01 8.01317520e+01
    8.27032089e+01 8.39788437e+01 8.41437149e+01 8.44831543e+01
    8.75854492e+01 8.44028320e+01 8.86516113e+01 9.07215958e+01
    9.22098770e+01 9.40242538e+01 9.67369766e+01 9.76020508e+01
    9.74436035e+01 1.02399170e+02 1.08540611e+02 1.06916016e+02
    1.09774574e+02 1.14526611e+02 1.15688721e+02 1.12034180e+02
    9.95077286e+01 9.46879044e+01 8.73356094e+01 0. 0. 0. 0. 0. 0. 0. 0.
    0. 0. 0. 0. 0. 0. 0. 0. 0. 0. 0. 0. 0. 0. 8.76276016e+01
    9.25728378e+01 9.61306992e+01 9.84104843e+01 1.06502113e+02
    1.10713623e+02 1.12934654e+02 1.15318199e+02 1.20082764e+02
    1.19797852e+02 1.19930908e+02 1.15855064e+02 1.11946777e+02
    1.04496666e+02 1.00000893e+02 9.29174805e+01 9.58413925e+01 0. 0. 0.
    0. 0. 0. 0. 0. 0. 0. 0. 0. 0. 0. 0. 0. 0. 0. 0. 0. 0. 0. 0. 0. 0. 0.
    0. 0. 0. 0. 0. 0. 0. 0. 0. 0. 0. 0. 8.44956894e+01 0. 8.64337540e+01
    8.49978867e+01 9.18846054e+01 8.91907578e+01 8.76198730e+01
    8.70841446e+01 8.46908340e+01 8.68091660e+01 8.75334473e+01
    9.18835449e+01 9.17547989e+01 9.34078751e+01 9.79332657e+01
    1.01621178e+02 1.05281334e+02 1.11328529e+02 1.16968102e+02
