<?xml version="1.0"?>
<opencv_storage>
<groundtruth_buffer type_id="opencv-matrix">
  <rows>2000</rows>
  <cols>1</cols>
  <dt>f</dt>
  <data>
    3.05034580e+01 2.98997555e+01 2.94699745e+01 2.83748207e+01
    2.73483944e+01 2.61034298e+01 2.49375572e+01 2.41234570e+01
    2.33468456e+01 2.27306309e+01 2.23214607e+01 2.20260868e+01
    2.16637287e+01 2.11639442e+01 2.07463036e+01 2.03714371e+01
    1.99823875e+01 1.94823303e+01 1.88747444e+01 1.83557167e+01
    1.76504059e+01 1.71630020e+01 1.68159599e+01 1.65115070e+01
    1.62139568e+01 1.60719204e+01 1.60867233e+01 1.63079605e+01
    1.64024563e+01 1.64498482e+01 1.63866596e+01 1.63005600e+01
    1.63148384e+01 1.64054794e+01 1.66586552e+01 1.70308800e+01
    1.75187016e+01 1.82003212e+01 1.93705540e+01 2.09257526e+01
    2.34371376e+01 2.74641323e+01 3.22806931e+01 3.68198395e+01
    4.05167694e+01 4.32695999e+01 4.49172401e+01 4.56884651e+01
    4.53680000e+01 4.36573601e+01 4.00091743e+01 3.52311211e+01
    3.03634758e+01 2.61837101e+01 2.26369057e+01 2.20710068e+01
    2.13221664e+01 2.02953892e+01 1.96913376e+01 1.95653419e+01
    1.96805305e+01 1.99515343e+01 2.03506165e+01 2.09661312e+01
    1.95510483e+01 1.89509315e+01 1.93801479e+01 1.97956505e+01
    2.00923958e+01 2.03882465e+01 2.06256199e+01 2.08489609e+01
    2.09985199e+01 2.11027050e+01 2.11370583e+01 2.09765339e+01
    2.06433525e+01 2.02698784e+01 1.98336449e+01 1.92919884e+01
    1.87850418e+01 1.82843609e+01 1.77831879e+01 1.72305927e+01
    1.68836021e+01 1.65954742e+01 1.62753048e+01 1.60254173e+01
    1.59752703e+01 1.57913189e+01 1.56018705e+01 1.56019621e+01
    1.56801147e+01 1.58483124e+01 1.61601410e+01 1.64544010e+01
    1.66112518e+01 1.48506165e+01 1.56199980e+01 1.67830334e+01
    1.82066917e+01 2.00168819e+01 2.22244740e+01 2.47585182e+01
    2.71735954e+01 2.94584999e+01 3.12211399e+01 3.26083870e+01
    3.35803642e+01 3.41848679e+01 3.42777519e+01 3.38942986e+01
    3.30133896e+01 2.86979008e+01 2.89545078e+01 2.89440308e+01
    2.86134644e+01 2.80209503e+01 2.73433437e+01 2.63156986e+01
    2.51238594e+01 2.39006329e+01 2.28246613e+01 2.17611790e+01
    2.07577782e+01 1.99350224e+01 1.93502388e+01 1.88528080e+01
    1.86389198e+01 1.85422668e+01 1.83562393e+01 1.83993893e+01
    1.86346779e+01 1.98335247e+01 1.99618416e+01 1.99911156e+01
    1.98538857e+01 1.97402992e+01 1.96551704e+01 1.96936607e+01
    1.98066254e+01 1.98957577e+01 1.84019623e+01 1.78497601e+01
    1.73480434e+01 1.69197655e+01 1.65370750e+01 1.62658081e+01
    1.61499348e+01 1.60422058e+01 1.57890120e+01 1.61470146e+01
    1.68629189e+01 1.77690773e+01 1.90688610e+01 2.08476658e+01
    2.31952782e+01 2.59430504e+01 2.91925907e+01 3.23586159e+01
    3.53072128e+01 3.73665352e+01 3.86894608e+01 3.92717056e+01
    3.91177711e+01 3.83804092e+01 3.71379585e+01 3.51032829e+01
    3.30001335e+01 3.12766457e+01 3.01369934e+01 2.94800320e+01
    2.93014870e+01 2.90339661e+01 2.85734100e+01 2.79200592e+01
    2.72632408e+01 2.65609741e+01 2.55607510e+01 2.43874416e+01
    2.30950413e+01 2.15944004e+01 2.04343224e+01 1.93276634e+01
    1.84852142e+01 1.77235718e+01 1.72567177e+01 1.70774727e+01
    1.71803627e+01 1.76181564e+01 1.81832390e+01 1.97128773e+01
    2.07436943e+01 2.15698452e+01 2.26381416e+01 2.39374161e+01
    2.54094486e+01 2.71085873e+01 2.89267540e+01 3.08803520e+01
    3.17523861e+01 3.30313148e+01 3.39499664e+01 3.43827744e+01
    3.41581993e+01 3.33334961e+01 3.19553280e+01 2.99673271e+01
    2.76443539e+01 2.53965263e+01 2.33254032e+01 2.18400536e+01
    2.07700081e+01 1.98576126e+01 1.93016396e+01 1.89224987e+01
    1.89033318e+01 1.90899734e+01 1.91883125e+01 1.91447182e+01
    1.88855858e+01 1.84780388e+01 1.82452221e+01 1.79343681e+01
    1.76023216e+01 1.72159348e+01 1.68191643e+01 1.64201698e+01
    1.62145443e+01 1.60453606e+01 1.59878788e+01 1.60952034e+01
    1.63599052e+01 1.67596989e+01 1.73301430e+01 1.79703140e+01
    1.90234203e+01 2.02456398e+01 2.19059315e+01 2.39690132e+01
    2.62633095e+01 2.85497227e+01 3.08211117e+01 3.27768631e+01
    3.43683090e+01 3.52767563e+01 3.55492630e+01 3.51408806e+01
    3.40301437e+01 3.22945747e+01 3.01701469e+01 2.77698364e+01
    2.55418587e+01 2.32811871e+01 2.13527374e+01 1.98348694e+01
    1.87023621e+01 1.79927559e+01 1.75587006e+01 1.75041389e+01
    1.77335548e+01 1.79925232e+01 1.85436668e+01 1.91799316e+01
    1.97618618e+01 2.03569660e+01 2.08191452e+01 2.12658119e+01
    2.15674477e+01 2.18680820e+01 2.20939560e+01 2.23360291e+01
    2.25152168e+01 2.28130245e+01 2.30235310e+01 2.32076645e+01
    2.33172359e+01 2.33414497e+01 2.33250484e+01 2.30982552e+01
    2.28134270e+01 2.24777336e+01 2.20581322e+01 2.16603794e+01
    2.12276382e+01 2.07021275e+01 2.02981682e+01 1.99332161e+01
    1.97590561e+01 1.97297707e+01 1.97378292e+01 1.97224846e+01
    1.97260170e+01 1.98289642e+01 2.01237755e+01 2.03496475e+01
    2.06557102e+01 2.11179314e+01 2.15179901e+01 2.20541744e+01
    2.27290306e+01 2.33908195e+01 2.40813961e+01 2.47616463e+01
    2.54478607e+01 2.61337433e+01 2.67836952e+01 2.74422207e+01
    2.79848328e+01 2.83229771e+01 2.86147919e+01 2.87095528e+01
    2.87689247e+01 2.87537651e+01 2.85187473e+01 2.80328007e+01
    2.74648285e+01 2.67060452e+01 2.59889679e+01 2.52200127e+01
    2.44593239e+01 2.35430489e+01 2.25918884e+01 2.17304535e+01
    2.09783516e+01 2.02007256e+01 1.95084839e+01 1.89510841e+01
    1.84239597e+01 1.81684380e+01 1.81259556e+01 1.81614380e+01
    1.82661362e+01 1.83546963e+01 1.84029121e+01 1.86056747e+01
    1.86270618e+01 1.87061806e+01 1.85409527e+01 1.83597755e+01
    1.82342110e+01 1.80199528e+01 1.77993526e+01 1.76898384e+01
    1.75495872e+01 1.74860611e+01 1.73713264e+01 1.72483635e+01
    1.71623325e+01 1.73058205e+01 1.73876514e+01 1.75879040e+01
    1.78115234e+01 1.80396385e+01 1.85204830e+01 1.92000637e+01
    2.05132275e+01 2.22200718e+01 2.41176987e+01 2.67160530e+01
    2.96685238e+01 3.24657936e+01 3.48751106e+01 3.67124596e+01
    3.79293900e+01 3.82742653e+01 3.81070366e+01 3.70840225e+01
    3.51021156e+01 3.27599411e+01 3.04844608e+01 2.89272652e+01
    2.80541592e+01 2.78893089e+01 2.82288399e+01 2.87363892e+01
    2.97106476e+01 3.10127010e+01 3.20584793e+01 3.29934654e+01
    3.32629814e+01 3.28688278e+01 3.20177383e+01 3.07349358e+01
    2.91889286e+01 2.73697090e+01 2.55469818e+01 2.36597042e+01
    2.18853531e+01 2.02890358e+01 1.95681190e+01 1.85178852e+01
    1.77326660e+01 1.71038399e+01 1.68100929e+01 1.64926033e+01
    1.63485012e+01 1.63034477e+01 1.69036369e+01 1.63559799e+01
    1.64555740e+01 1.66066360e+01 1.68294506e+01 1.68732529e+01
    1.71310844e+01 1.74702950e+01 1.79072437e+01 1.78691082e+01
    1.87347755e+01 1.96844521e+01 2.08821411e+01 2.24935684e+01
    2.45012474e+01 2.65907993e+01 2.88512936e+01 3.08953094e+01
    3.25981064e+01 3.37962875e+01 3.45894890e+01 3.48429260e+01
    3.45508270e+01 3.37888794e+01 3.27338448e+01 3.14410648e+01
    3.01206875e+01 2.90266018e+01 2.78833313e+01 2.68093452e+01
    2.57786903e+01 2.47166786e+01 2.37869968e+01 2.29355049e+01
    2.21051464e+01 2.12621346e+01 2.03327122e+01 1.97209969e+01
    1.92173882e+01 1.88326931e+01 1.84752998e+01 1.81726952e+01
    1.79597797e+01 1.77931404e+01 1.78059940e+01 1.80899200e+01
    1.83949146e+01 1.87103271e+01 1.91185398e+01 1.96914501e+01
    2.03348732e+01 2.10573921e+01 2.20384159e+01 2.31716080e+01
    2.42115364e+01 2.50756607e+01 2.57645569e+01 2.62693882e+01
    2.66085625e+01 2.66835365e+01 2.65609074e+01 2.63595428e+01
    2.59246674e+01 2.54669132e+01 2.51580391e+01 2.50422497e+01
    2.49562206e+01 2.48288460e+01 2.47236900e+01 2.44789848e+01
    2.38161106e+01 2.30030956e+01 2.20126362e+01 2.08520241e+01
    1.95022545e+01 1.82693806e+01 1.69507008e+01 1.62097797e+01
    1.55174255e+01 1.52615108e+01 1.51779327e+01 1.47900066e+01
    1.45339336e+01 1.46503172e+01 1.48692446e+01 1.56576948e+01
    1.60216389e+01 1.66492329e+01 1.73350201e+01 1.81587868e+01
