<?xml version="1.0"?>
<opencv_storage>
<groundtruth_buffer type_id="opencv-matrix">
  <rows>1000</rows>
  <cols>1</cols>
  <dt>f</dt>
  <data>
    3.72519226e+01 2.82245216e+01 1.89604492e+01 9.65264511e+00
    -6.48498535e-05 -6.48498535e-05 -6.48498535e-05 6.47454834e+01
    5.52781677e+01 4.61104240e+01 3.71838074e+01 2.84414616e+01
    2.86310787e+01 2.95036259e+01 3.14692192e+01 3.51660271e+01
    4.49381638e+01 5.54488945e+01 6.60627289e+01 7.69017868e+01
    8.76823959e+01 8.92063370e+01 9.09953842e+01 9.27474213e+01
    9.33940125e+01 9.31664963e+01 9.19795380e+01 9.04849091e+01
    8.86397171e+01 8.74755936e+01 7.71274643e+01 6.68761673e+01
    8.70031357e+01 8.68121185e+01 8.61459885e+01 8.53175201e+01
    8.48375168e+01 8.41666107e+01 8.32407074e+01 8.25972137e+01
    8.29447250e+01 7.36348114e+01 6.44324188e+01 5.55110474e+01
    4.65928574e+01 3.73587685e+01 2.81250858e+01 1.92238979e+01
    1.88362942e+01 1.79340878e+01 2.84220924e+01 2.84220924e+01
    2.84220924e+01 2.84220924e+01 2.84220924e+01 2.84220924e+01
    2.84220924e+01 1.94920769e+01 1.04880085e+01 4.57763690e-06
    4.57763690e-06 4.57763690e-06 4.57763690e-06 4.57763690e-06
    4.57763690e-06 4.57763690e-06 4.57763690e-06 4.57763690e-06
    4.57763690e-06 4.57763690e-06 9.17406082e+00 1.85905151e+01
    2.81815796e+01 3.86455345e+01 5.07008667e+01 6.43346786e+01
    7.91121674e+01 9.37257385e+01 1.07582741e+02 1.10939743e+02
    1.12719986e+02 1.13918579e+02 1.13764786e+02 1.12116989e+02
    1.08918152e+02 1.05347557e+02 9.07339859e+01 8.87676392e+01
    8.67301331e+01 8.55909195e+01 8.43709946e+01 8.33345871e+01
    8.16884308e+01 8.01564331e+01 7.79081879e+01 8.64802551e+01
    7.45895996e+01 6.40960464e+01 5.40385742e+01 4.44688377e+01
    3.51950912e+01 2.64337063e+01 1.75307369e+01 8.57209492e+00
    3.28063979e-05 3.28063979e-05 3.28063979e-05 8.75712109e+00
    1.83608322e+01 2.80966988e+01 3.70974655e+01 4.62689590e+01
    5.54997177e+01 6.53776093e+01 7.54180908e+01 8.59623947e+01
    8.83146210e+01 9.00223312e+01 9.14474030e+01 9.30593719e+01
    9.37913361e+01 9.35438232e+01 9.21098862e+01 9.04918060e+01
    8.84259872e+01 8.61419220e+01 8.40377274e+01 7.28767929e+01
    7.19121017e+01 7.13736877e+01 7.16401443e+01 7.26543961e+01
    7.27249146e+01 7.29935760e+01 7.33311310e+01 7.33625565e+01
    7.33625565e+01 6.37145081e+01 5.43494759e+01 4.50997696e+01
    3.56415634e+01 2.71486359e+01 1.84014835e+01 9.23869038e+00
    3.43322754e-05 3.43322754e-05 3.43322754e-05 3.43322754e-05
    3.43322754e-05 3.43322754e-05 3.43322754e-05 8.83002281e+00
    1.74891148e+01 2.60358028e+01 3.48661118e+01 4.42390976e+01
    5.45569267e+01 6.54840927e+01 7.69733276e+01 8.88648834e+01
    9.17858734e+01 9.46697845e+01 9.72386398e+01 9.87389603e+01
    9.90882874e+01 9.76027527e+01 9.49802933e+01 9.22028809e+01
    8.03113251e+01 6.85603485e+01 5.70173531e+01 4.59018021e+01
    3.55711746e+01 2.58488617e+01 1.70165710e+01 8.71186733e+00
    5.11169419e-05 5.11169419e-05 5.11169419e-05 9.18467903e+00
    1.81539822e+01 2.70641632e+01 3.60862808e+01 4.48119164e+01
    5.33344841e+01 6.16928177e+01 7.01411133e+01 7.86567841e+01
    7.79140549e+01 7.73894577e+01 7.69332352e+01 7.63768463e+01
    7.62501373e+01 7.64051056e+01 7.65972595e+01 7.69605255e+01
    7.71057968e+01 7.70786972e+01 7.70746613e+01 7.76263657e+01
    6.91606369e+01 6.05617142e+01 5.18841782e+01 4.33336906e+01
    3.45221291e+01 2.58611908e+01 1.74463863e+01 9.00572109e+00
    5.72204590e-05 5.72204590e-05 5.72204590e-05 5.72204590e-05
    9.76404667e+00 1.89724617e+01 2.82797947e+01 3.81271820e+01
    4.76984787e+01 5.74391479e+01 6.73868484e+01 7.74391022e+01
    8.78705597e+01 8.83626785e+01 8.98613815e+01 9.12231903e+01
    9.15724640e+01 9.20209198e+01 9.23389969e+01 9.21584396e+01
    9.18227692e+01 9.09876480e+01 9.01155548e+01 8.86206665e+01
    8.71453018e+01 8.55459747e+01 8.39863052e+01 8.23456573e+01
    8.12382584e+01 8.02539215e+01 7.93722992e+01 6.99882889e+01
    6.07760506e+01 6.07664566e+01 5.21691208e+01 4.37090302e+01
    3.52909317e+01 2.66311893e+01 1.78989468e+01 1.82887020e+01
    2.74206848e+01 3.64406471e+01 2.72564754e+01 2.72564754e+01
    2.72564754e+01 2.72564754e+01 2.72564754e+01 2.72564754e+01
    1.81520081e+01 9.02002525e+00 6.33239761e-05 6.33239761e-05
    6.33239761e-05 6.33239761e-05 6.33239761e-05 6.33239761e-05
    6.33239761e-05 6.33239761e-05 6.33239761e-05 6.33239761e-05
    6.33239761e-05 6.33239761e-05 6.33239761e-05 8.75371742e+00
    1.77969875e+01 2.67663383e+01 3.60701637e+01 4.61029739e+01
    5.70969353e+01 6.88633957e+01 8.19486237e+01 9.46877136e+01
    9.79673920e+01 1.00350601e+02 1.01999031e+02 1.02333931e+02
    1.01945656e+02 1.00192451e+02 9.76044846e+01 9.40356979e+01
    9.08762054e+01 8.88499298e+01 8.80278473e+01 8.85229034e+01
    9.03031158e+01 9.20860062e+01 9.42340851e+01 9.64138947e+01
    9.75488968e+01 9.81301575e+01 9.74843597e+01 9.59657288e+01
    9.40244141e+01 9.16454315e+01 8.95005341e+01 7.81116943e+01
    6.67534027e+01 5.61019592e+01 4.59411049e+01 3.65798416e+01
    2.74940739e+01 1.83225498e+01 9.28259945e+00 7.17163057e-05
    7.17163057e-05 7.17163057e-05 7.17163057e-05 7.17163057e-05
    7.17163057e-05 7.17163057e-05 7.17163057e-05 7.17163057e-05
    7.17163057e-05 7.17163057e-05 7.17163057e-05 7.17163057e-05
    7.17163057e-05 8.56111526e+00 1.75204334e+01 2.67568512e+01
    3.63897018e+01 4.70457726e+01 5.84095039e+01 7.02731171e+01
    8.22936783e+01 9.43604050e+01 9.74204865e+01 9.97005768e+01
    1.01179108e+02 1.01759895e+02 1.00908646e+02 9.87814636e+01
    9.61607971e+01 9.31108170e+01 8.99720459e+01 8.70861053e+01
    8.45300140e+01 8.25605316e+01 7.23468857e+01 6.25420532e+01
    5.33055038e+01 4.40625610e+01 3.50919800e+01 2.61640167e+01
    1.74288368e+01 8.74551964e+00 5.18798843e-05 5.18798843e-05
    5.18798843e-05 5.18798843e-05 5.18798843e-05 5.18798843e-05
    5.18798843e-05 5.18798843e-05 5.18798843e-05 9.57872200e+00
    1.91229362e+01 2.88378448e+01 3.81550980e+01 4.73356133e+01
    5.73243179e+01 6.79601593e+01 7.84196930e+01 8.88286438e+01
    8.90277176e+01 8.90442276e+01 8.87743073e+01 8.90301743e+01
    8.85859146e+01 8.73065186e+01 8.54638443e+01 8.40348358e+01
    8.23087692e+01 8.11614838e+01 8.02202301e+01 7.92711411e+01
    7.81916199e+01 7.83314438e+01 7.86614609e+01 6.98682938e+01
    6.08377686e+01 5.21548843e+01 4.35244293e+01 3.49049568e+01
    2.64090576e+01 1.79154549e+01 9.03937149e+00 4.88281257e-05
    4.88281257e-05 4.88281257e-05 4.88281257e-05 4.88281257e-05
    4.88281257e-05 9.72314453e+00 9.72314453e+00 1.83517723e+01
    2.68105717e+01 3.52385330e+01 4.37501221e+01 5.33098640e+01
    6.33974838e+01 7.47141266e+01 7.72680359e+01 9.07713852e+01
    9.57215118e+01 1.00236618e+02 1.03914169e+02 1.06746361e+02
    1.07173752e+02 1.06544334e+02 1.04367043e+02 1.00817337e+02
    9.59584045e+01 9.10187759e+01 8.72571182e+01 7.51515961e+01
    6.38078194e+01 5.38206863e+01 4.43624802e+01 3.52231407e+01
    2.64958458e+01 1.78514290e+01 9.21229267e+00 5.26428230e-05
    5.26428230e-05 5.26428230e-05 5.26428230e-05 5.26428230e-05
    5.26428230e-05 5.26428230e-05 5.26428230e-05 5.26428230e-05
    5.26428230e-05 5.26428230e-05 5.26428230e-05 5.26428230e-05
    8.91456318e+00 1.79309120e+01 2.66011505e+01 3.56584587e+01
    4.57422981e+01 5.72794571e+01 6.96114655e+01 8.23089447e+01
    9.49245148e+01 9.78573761e+01 1.00221649e+02 1.02159225e+02
    1.03851219e+02 1.04183487e+02 1.02855453e+02 1.00220749e+02
    9.66339645e+01 9.27229996e+01 8.91313629e+01 8.59332428e+01
    8.41544266e+01 7.34051285e+01 6.29890213e+01 5.27798882e+01
    4.30825844e+01 3.39718895e+01 2.52672768e+01 1.70115395e+01
    8.82904339e+00 3.96728501e-05 3.96728501e-05 3.96728501e-05
    3.96728501e-05 3.96728501e-05 3.96728501e-05 3.96728501e-05
    3.96728501e-05 3.96728501e-05 3.96728501e-05 3.96728501e-05
    9.56262112e+00 1.92798500e+01 2.87435055e+01 3.87396812e+01
