<?xml version="1.0"?>
<opencv_storage>
<groundtruth_buffer type_id="opencv-matrix">
  <rows>2000</rows>
  <cols>1</cols>
  <dt>f</dt>
  <data>
    3.23399277e+01 2.88116570e+01 2.51041050e+01 2.17388268e+01
    1.90906544e+01 1.70203590e+01 1.56460752e+01 1.47012081e+01
    1.40878801e+01 1.39977322e+01 1.42459078e+01 1.46399965e+01
    1.50773144e+01 1.51705904e+01 1.53401508e+01 1.55767336e+01
    1.56803150e+01 1.57723866e+01 1.59087725e+01 1.61250572e+01
    1.65771561e+01 1.69021435e+01 1.70196781e+01 1.69507599e+01
    1.67004490e+01 1.64675331e+01 1.63258553e+01 1.63314762e+01
    1.64618359e+01 1.66363621e+01 1.67791214e+01 1.67392960e+01
    1.66791019e+01 1.66694908e+01 1.65916729e+01 1.69008102e+01
    1.73425617e+01 1.80060635e+01 1.87669849e+01 1.94224434e+01
    2.01318016e+01 2.06746998e+01 2.14123878e+01 2.21590996e+01
    2.30128269e+01 2.40252876e+01 2.49711266e+01 2.56521263e+01
    2.61261234e+01 2.63886871e+01 2.63856087e+01 2.64272957e+01
    2.65363369e+01 2.67284126e+01 2.72024422e+01 2.78561459e+01
    2.85874023e+01 2.94908237e+01 3.04813290e+01 3.18603420e+01
    3.28475037e+01 3.36001472e+01 3.43159370e+01 3.44746208e+01
    3.55395737e+01 3.64174271e+01 3.75288010e+01 3.81541252e+01
    3.73744888e+01 3.57735977e+01 3.30333633e+01 3.01666107e+01
    2.71912842e+01 2.44961205e+01 2.19537392e+01 1.94287071e+01
    1.72870274e+01 1.65362396e+01 1.62590332e+01 1.77239723e+01
    1.91170502e+01 1.98277283e+01 2.07649384e+01 2.11095886e+01
    2.21625023e+01 2.37676792e+01 2.59269524e+01 2.79795589e+01
    3.06492920e+01 3.34569321e+01 3.59440308e+01 3.80515823e+01
    3.89763985e+01 3.84600143e+01 3.72431335e+01 3.54457130e+01
    3.34154243e+01 3.13996773e+01 2.92791805e+01 2.70099678e+01
    2.45264950e+01 2.20966129e+01 1.93584557e+01 1.67670841e+01
    1.51532927e+01 1.41047344e+01 1.35680161e+01 1.36505451e+01
    1.34385815e+01 1.32918091e+01 1.33533659e+01 1.32320890e+01
    1.34682674e+01 1.38017292e+01 1.41429596e+01 1.46869383e+01
    1.49135437e+01 1.51307697e+01 1.54529543e+01 1.57964096e+01
    1.62933350e+01 1.66708031e+01 1.68703251e+01 1.70320873e+01
    1.71671562e+01 1.77095699e+01 1.85853519e+01 1.92723160e+01
    1.98328857e+01 2.01992645e+01 2.02821960e+01 2.06472168e+01
    2.13750763e+01 2.19816704e+01 2.31820469e+01 2.41628094e+01
    2.48983650e+01 2.59165134e+01 2.63855476e+01 2.68126640e+01
    2.72355347e+01 2.73330231e+01 2.75374546e+01 2.75886326e+01
    2.81742897e+01 2.89302425e+01 3.00861397e+01 3.13315334e+01
    3.17536125e+01 3.20700989e+01 3.14320431e+01 2.99862881e+01
    2.79597664e+01 2.51783543e+01 2.26139946e+01 2.03985653e+01
    1.74476376e+01 1.43767223e+01 1.08036146e+01 7.39581299e+00
    7.65185452e+00 8.69038582e+00 1.04831066e+01 1.27700052e+01
    1.30925417e+01 1.33033390e+01 1.34984713e+01 1.37283678e+01
    1.39374237e+01 1.43487425e+01 1.48150148e+01 1.52044678e+01
    1.56668777e+01 1.61934891e+01 1.68258858e+01 1.75156898e+01
    1.81087360e+01 1.86679993e+01 1.92966213e+01 2.01211262e+01
    2.11317120e+01 2.23545456e+01 2.35785637e+01 2.46656227e+01
    2.54588737e+01 2.57960415e+01 2.56590233e+01 2.51364441e+01
    2.44215584e+01 2.39597244e+01 2.37957649e+01 2.41911068e+01
    2.48642178e+01 2.56216393e+01 2.64637718e+01 2.71877689e+01
    2.81836967e+01 2.96509514e+01 3.14554634e+01 3.37236252e+01
    3.62569008e+01 3.83488464e+01 3.96369209e+01 3.95194626e+01
    3.81746368e+01 3.53765259e+01 3.18587036e+01 2.83923550e+01
    2.49803352e+01 2.26174507e+01 2.08342552e+01 1.94555130e+01
    1.85222969e+01 1.74547977e+01 1.68285122e+01 1.64021358e+01
    1.64235573e+01 1.70114307e+01 1.77877350e+01 1.90462627e+01
    2.01173382e+01 2.11248722e+01 2.22848282e+01 2.32744312e+01
    2.41791401e+01 2.50180683e+01 2.58025761e+01 2.65001278e+01
    2.72055149e+01 2.78658695e+01 2.82787971e+01 2.85113163e+01
    2.85918217e+01 2.88309174e+01 2.92549686e+01 2.98586025e+01
    3.01574039e+01 3.01479588e+01 2.91604881e+01 2.73271828e+01
    2.59132195e+01 2.45310555e+01 2.36064548e+01 2.32609253e+01
    2.25799351e+01 2.17723293e+01 2.09818211e+01 2.03918209e+01
    1.99627953e+01 1.96236305e+01 1.94326591e+01 1.90313473e+01
    1.86385860e+01 1.81760693e+01 1.77675323e+01 1.77577858e+01
    1.81286926e+01 1.93394032e+01 2.13348026e+01 2.40149956e+01
    2.73691349e+01 3.06912384e+01 3.40668831e+01 3.68169212e+01
    3.97130127e+01 4.27709465e+01 4.37744522e+01 4.26377716e+01
    3.98184738e+01 3.51400299e+01 3.15047417e+01 2.96501274e+01
    2.84263191e+01 2.76939583e+01 2.74269047e+01 2.82575188e+01
    2.96360168e+01 3.15261116e+01 3.26629601e+01 3.16529236e+01
    2.88795414e+01 2.47924004e+01 2.00961418e+01 1.60106144e+01
    1.31950102e+01 1.15361624e+01 1.12452040e+01 1.13525743e+01
    1.14912434e+01 1.16673307e+01 1.16922426e+01 1.17869263e+01
    1.18715448e+01 1.23797379e+01 1.28412352e+01 1.36203108e+01
    1.42839642e+01 1.48742800e+01 1.55103149e+01 1.59832659e+01
    1.64392815e+01 1.67472839e+01 1.68040791e+01 1.66329250e+01
    1.63088322e+01 1.58843412e+01 1.55795946e+01 1.52548800e+01
    1.50585117e+01 1.48877010e+01 1.47487011e+01 1.46754427e+01
    1.48038464e+01 1.52063694e+01 1.56433277e+01 1.62856541e+01
    1.67683182e+01 1.72275276e+01 1.77637768e+01 1.82952366e+01
    1.89698429e+01 1.94631310e+01 1.99751606e+01 2.02804909e+01
    2.04206905e+01 2.06469116e+01 2.06263790e+01 2.06870613e+01
    2.07785301e+01 2.09347649e+01 2.14121952e+01 2.20543022e+01
    2.31514626e+01 2.43303452e+01 2.57058868e+01 2.72725639e+01
    2.87624722e+01 3.06452389e+01 3.24800453e+01 3.36907692e+01
    3.49901047e+01 3.45567436e+01 3.36439018e+01 3.22893982e+01
    2.96089745e+01 2.70792789e+01 2.42440338e+01 2.17016945e+01
    1.99023323e+01 1.88242607e+01 1.82733479e+01 1.79853191e+01
    1.78338795e+01 1.78127041e+01 1.76821899e+01 1.76890011e+01
    1.77336922e+01 1.77259197e+01 1.78688202e+01 1.79225960e+01
    1.80145836e+01 1.81980362e+01 1.82810383e+01 1.83700104e+01
    1.85961418e+01 1.88389473e+01 1.90995827e+01 1.94611473e+01
    1.95363808e+01 1.96202469e+01 2.00289955e+01 2.08089256e+01
    2.19371147e+01 2.32793751e+01 2.47568455e+01 2.62791100e+01
    2.80273533e+01 2.99854927e+01 3.17389164e+01 3.33288536e+01
    3.46167641e+01 3.55171890e+01 3.58520622e+01 3.56012306e+01
    3.46479683e+01 3.30533638e+01 3.07612858e+01 2.84534092e+01
    2.51939487e+01 2.23305664e+01 1.95235691e+01 1.66971989e+01
    1.54736805e+01 1.39864626e+01 1.36169481e+01 1.38170443e+01
    1.40688448e+01 1.48848877e+01 1.55764799e+01 1.61334991e+01
    1.62574177e+01 1.62879925e+01 1.61850605e+01 1.61999016e+01
    1.66820927e+01 1.73653622e+01 1.83171635e+01 1.86678944e+01
    1.87762032e+01 1.87860107e+01 1.86558781e+01 1.93175678e+01
    2.07869263e+01 2.18605099e+01 2.39067841e+01 2.61045628e+01
    2.86978054e+01 3.23724480e+01 3.51847496e+01 3.69042816e+01
    3.62001266e+01 3.37330551e+01 3.06822968e+01 2.79853001e+01
    2.60790043e+01 2.47387810e+01 2.35868130e+01 2.21672707e+01
    2.07990417e+01 1.97502384e+01 1.87452850e+01 1.79328041e+01
    1.74963512e+01 1.71557751e+01 1.69308128e+01 1.70795403e+01
    1.73044624e+01 1.76126785e+01 1.79350910e+01 1.81366234e+01
    1.82845974e+01 1.84438095e+01 1.88616562e+01 1.93844643e+01
    1.98381691e+01 2.03263245e+01 2.05517883e+01 2.06408844e+01
    2.05758057e+01 2.01967487e+01 1.98107548e+01 1.92974358e+01
    1.89628448e+01 1.88990459e+01 1.90686779e+01 1.96743374e+01
    2.10478439e+01 2.34345360e+01 2.58639870e+01 2.91008034e+01
    3.29098587e+01 3.71147041e+01 4.18510361e+01 4.60928574e+01
    4.94386902e+01 5.06889305e+01 5.01382141e+01 4.86245956e+01
    4.62676773e+01 4.38375511e+01 4.13947258e+01 3.92019043e+01
    3.70333214e+01 3.57399216e+01 3.57996101e+01 3.59517136e+01
    3.62980652e+01 3.61388931e+01 3.60942307e+01 3.60156021e+01
    3.60807266e+01 3.66769867e+01 3.66399918e+01 3.65247803e+01
    3.67513123e+01 3.66251755e+01 3.11276512e+01 3.32080574e+01
