<?xml version="1.0"?>
<opencv_storage>
<groundtruth_buffer type_id="opencv-matrix">
  <rows>2000</rows>
  <cols>1</cols>
  <dt>f</dt>
  <data>
    7.59478989e+01 8.78079300e+01 9.89632492e+01 9.94714661e+01
    9.97676544e+01 9.89910965e+01 9.74467621e+01 9.41867218e+01
    8.14341965e+01 7.50602264e+01 6.74654388e+01 5.86846504e+01
    4.87883224e+01 3.88411789e+01 2.88644104e+01 1.89653015e+01
    9.22062492e+00 9.30786118e-05 9.30786118e-05 9.30786118e-05
    9.30786118e-05 9.30786118e-05 9.30786118e-05 9.30786118e-05
    9.30786118e-05 9.30786118e-05 9.30786118e-05 9.30786118e-05
    9.30786118e-05 9.30786118e-05 9.30786118e-05 9.30786118e-05
    9.21138859e+00 1.79874630e+01 2.65751095e+01 3.55707779e+01
    4.51562119e+01 5.51739311e+01 6.54809799e+01 7.56640167e+01
    8.53700714e+01 8.55509872e+01 8.59337463e+01 8.62237778e+01
    8.59739075e+01 8.48617706e+01 8.32940979e+01 8.14416351e+01
    8.04627838e+01 7.07567291e+01 6.13645096e+01 5.22056770e+01
    4.33279991e+01 3.45821991e+01 2.61088982e+01 1.76588593e+01
    9.20427799e+00 9.46044893e-05 9.46044893e-05 9.46044893e-05
    9.46044893e-05 9.46044893e-05 9.46044893e-05 9.46044893e-05
    9.46044893e-05 9.46044893e-05 9.46044893e-05 2.06260680e-04
    1.96800247e-04 1.87339800e-04 1.77879352e-04 1.68418905e-04
    1.58958457e-04 1.49498024e-04 1.40037577e-04 1.00279140e+01
    2.03005466e+01 3.04515800e+01 4.08971939e+01 5.19431763e+01
    6.28245163e+01 7.38202515e+01 8.42488251e+01 9.45252075e+01
    9.47097015e+01 9.45512314e+01 8.44001999e+01 7.39545898e+01
    6.29086113e+01 5.20272713e+01 5.02596893e+01 4.89055824e+01
    4.78067856e+01 4.65107651e+01 3.63966064e+01 3.63966064e+01
    3.63966064e+01 3.63966064e+01 3.63966064e+01 2.71684475e+01
    1.80939846e+01 8.91639709e+00 1.37329102e-04 1.37329102e-04
    1.37329102e-04 1.37329102e-04 1.37329102e-04 1.37329102e-04
    1.37329102e-04 1.37329102e-04 1.37329102e-04 1.37329102e-04
    1.37329102e-04 1.37329102e-04 1.37329102e-04 1.37329102e-04
    1.37329102e-04 1.37329102e-04 1.37329102e-04 1.37329102e-04
    8.95465374e+00 1.77476807e+01 2.68377113e+01 3.61165352e+01
    4.66573868e+01 6.00026131e+01 7.46308289e+01 8.91257477e+01
    1.02401550e+02 1.05277504e+02 1.07223434e+02 1.08189453e+02
    1.08186729e+02 1.06305130e+02 1.01941818e+02 8.73135986e+01
    7.28186798e+01 5.95428772e+01 4.77124100e+01 3.69734421e+01
    2.69174042e+01 1.76413059e+01 8.98205280e+00 1.43432611e-04
    1.43432611e-04 1.43432611e-04 1.43432611e-04 9.78700829e+00
    1.89480038e+01 2.80790443e+01 3.70974426e+01 4.64243088e+01
    5.57481194e+01 6.45622787e+01 7.30827408e+01 8.16361542e+01
    8.08770905e+01 8.08364792e+01 8.08763962e+01 7.18579941e+01
    6.25311356e+01 5.32073250e+01 5.96261902e+01 5.31699638e+01
    4.58616905e+01 3.76980782e+01 2.96103706e+01 2.15267220e+01
    1.34390812e+01 6.25328159e+00 1.67846680e-04 1.67846680e-04
    1.67846680e-04 1.67846680e-04 1.67846680e-04 1.67846680e-04
    1.67846680e-04 1.67846680e-04 1.67846680e-04 1.67846680e-04
    1.67846680e-04 6.51120758e+01 7.51073380e+01 8.56430817e+01
    8.80674591e+01 9.01360168e+01 9.13084488e+01 9.31037064e+01
    9.40301437e+01 9.39098053e+01 9.26509323e+01 9.11726151e+01
    8.87240143e+01 8.63002777e+01 8.41065216e+01 7.28860931e+01
    6.22317734e+01 6.15259476e+01 6.15888176e+01 6.22227249e+01
    6.24974289e+01 6.30275955e+01 6.31704941e+01 6.32944527e+01
    7.25442657e+01 7.25442657e+01 6.32961617e+01 5.40068245e+01
    4.48495827e+01 3.60579414e+01 2.74406395e+01 1.85415688e+01
    9.24981117e+00 -1.52587893e-06 -1.52587893e-06 -1.52587893e-06
    -1.52587893e-06 -1.52587893e-06 -1.52587893e-06 9.21928596e+00
    1.78108139e+01 2.66571846e+01 3.54070206e+01 4.47547684e+01
    5.49012833e+01 6.57498093e+01 7.72039413e+01 8.90425415e+01
    9.16038208e+01 9.44082260e+01 9.67987366e+01 9.85519104e+01
    9.87564774e+01 9.78209915e+01 9.52535706e+01 9.23975525e+01
    8.95945282e+01 7.78139572e+01 6.64180145e+01 5.51811333e+01
    4.46781235e+01 3.51258125e+01 2.59147758e+01 1.76336727e+01
    9.03555298e+00 -1.83105476e-05 -1.83105476e-05 -1.83105476e-05
    9.34694576e+00 1.82100563e+01 2.70245972e+01 3.56623650e+01
    4.44055939e+01 5.27529984e+01 6.11309738e+01 6.96459808e+01
    7.81475983e+01 7.72322922e+01 7.69052734e+01 7.64951172e+01
    7.63911285e+01 7.63204269e+01 7.65431213e+01 7.65627975e+01
    7.67839737e+01 7.67566986e+01 7.67326050e+01 7.69293671e+01
    7.77014008e+01 6.91676178e+01 6.04950867e+01 5.19249878e+01
    4.35273323e+01 3.47911491e+01 2.63167992e+01 1.79092407e+01
    9.17638779e+00 9.70329285e+00 9.70329285e+00 9.70329285e+00
    1.92511292e+01 2.85168190e+01 3.77799911e+01 4.74693642e+01
    5.72130623e+01 6.71342468e+01 6.73033905e+01 7.72280121e+01
    8.75626755e+01 8.83050537e+01 8.97132797e+01 9.11928940e+01
    9.16490784e+01 9.19727859e+01 9.19774475e+01 9.19905548e+01
    9.16881790e+01 9.07563400e+01 8.98751678e+01 8.84701691e+01
    8.69046173e+01 8.55836411e+01 8.41721725e+01 8.25070343e+01
    8.11196594e+01 8.01944656e+01 7.93885117e+01 7.89473801e+01
    6.96784515e+01 6.95429688e+01 6.07183914e+01 5.20624504e+01
    4.38017426e+01 3.53035393e+01 2.66065025e+01 1.80096188e+01
    1.79983463e+01 2.69590645e+01 2.69514122e+01 2.69514122e+01
    2.69514122e+01 2.69514122e+01 2.69514122e+01 2.69514122e+01
    2.69514122e+01 1.79947815e+01 2.15618629e+01 1.88659573e+01
    1.61708164e+01 1.34756746e+01 1.07805328e+01 8.08539104e+00
    5.39025021e+00 2.69510889e+00 -3.24249268e-05 -3.24249268e-05
    -3.24249268e-05 -3.24249268e-05 -3.24249268e-05 9.09794140e+00
    1.79058933e+01 2.69117184e+01 3.61340904e+01 4.60633240e+01
    5.69392776e+01 6.86873932e+01 8.15320892e+01 9.45385895e+01
    9.74384308e+01 9.99463806e+01 1.01561432e+02 1.02252693e+02
    1.01878349e+02 1.00238327e+02 9.78775558e+01 9.45469818e+01
    9.12330780e+01 8.90406342e+01 8.82282181e+01 8.85255890e+01
    9.01188812e+01 9.20539093e+01 9.42043152e+01 9.62362518e+01
    9.73436584e+01 9.78585052e+01 9.75611115e+01 9.61721649e+01
    9.42323151e+01 9.17658997e+01 8.93411407e+01 7.79548111e+01
    6.65355301e+01 5.59140015e+01 4.57065544e+01 3.61985626e+01
    2.70840206e+01 1.81056271e+01 9.06511593e+00 -4.50134285e-05
    -4.50134285e-05 -4.50134285e-05 -4.50134285e-05 -4.50134285e-05
    -4.50134285e-05 -4.50134285e-05 -4.50134285e-05 -4.50134285e-05
    -4.50134285e-05 -4.50134285e-05 -4.50134285e-05 -4.50134285e-05
    -4.50134285e-05 8.79223156e+00 1.75276394e+01 2.66909447e+01
    3.63965530e+01 4.69735451e+01 5.81637077e+01 6.99802933e+01
    8.19247284e+01 9.38972168e+01 9.68413544e+01 9.94328079e+01
    1.01078293e+02 1.01641464e+02 1.00921310e+02 9.91299210e+01
    9.64154129e+01 9.35018463e+01 9.04923096e+01 8.74848785e+01
    8.47865067e+01 8.24075470e+01 8.09781570e+01 7.11213150e+01
    6.17225418e+01 5.26204643e+01 4.35895920e+01 3.46266518e+01
    2.58976631e+01 1.72691803e+01 8.83933830e+00 -4.19616699e-05
    -4.19616699e-05 -4.19616699e-05 -4.19616699e-05 -4.19616699e-05
    -4.19616699e-05 -4.19616699e-05 -4.19616699e-05 -4.19616699e-05
    9.66105843e+00 1.91339836e+01 2.85657768e+01 3.78155479e+01
    4.75696983e+01 5.82971687e+01 6.87956009e+01 7.91558685e+01
    8.94646530e+01 8.93986664e+01 8.93134842e+01 8.95222931e+01
    8.92135391e+01 8.81329727e+01 8.60595856e+01 8.44840622e+01
    8.29824677e+01 8.13527374e+01 8.02283325e+01 7.94524536e+01
    7.80874329e+01 7.79264984e+01 7.84656830e+01 6.98115997e+01
    6.08886948e+01 5.20300217e+01 4.33509598e+01 3.48802490e+01
    2.62683926e+01 1.79928169e+01 9.21272945e+00 -4.73022446e-05
    -4.73022446e-05 -4.73022446e-05 -4.73022446e-05 -4.73022446e-05
    -4.73022446e-05 -4.73022446e-05 -4.73022446e-05 -4.73022446e-05
    8.57158375e+00 1.72075863e+01 2.57939968e+01 3.49759140e+01
    4.50723648e+01 5.63690681e+01 6.88038406e+01 8.18920135e+01
    9.56426773e+01 1.00256081e+02 1.03832230e+02 1.06673363e+02
    1.07544846e+02 1.06649094e+02 1.04517982e+02 1.01177536e+02
