<?xml version="1.0"?>
<opencv_storage>
<groundtruth_buffer type_id="opencv-matrix">
  <rows>2000</rows>
  <cols>1</cols>
  <dt>f</dt>
  <data>
    2.03199692e+02 1.92328644e+02 1.73202377e+02 1.64699509e+02
    2.09560211e+02 2.30263702e+02 2.18453293e+02 1.94585754e+02
    1.65699554e+02 1.49186844e+02 1.43823547e+02 1.34490891e+02
    1.29705780e+02 1.32168442e+02 1.23795959e+02 1.19505455e+02
    1.14526344e+02 1.09919853e+02 9.94229965e+01 1.01295418e+02
    1.00487160e+02 1.02222198e+02 1.01645065e+02 1.04720482e+02
    1.06354424e+02 1.09902458e+02 1.13836151e+02 1.13703896e+02
    1.21587631e+02 1.32188980e+02 1.35610367e+02 1.28453644e+02
    1.38070312e+02 1.49254425e+02 1.67405579e+02 2.05307312e+02
    2.05307312e+02 1.87593781e+02 2.36293411e+02 2.77763062e+02
    2.76955688e+02 2.91540283e+02 3.10067535e+02 3.07665680e+02
    3.02307373e+02 2.95740662e+02 3.02621674e+02 2.90093231e+02
    2.52974152e+02 2.50666946e+02 2.30866943e+02 2.07421387e+02
    1.87670990e+02 1.74627655e+02 1.41424881e+02 1.39368607e+02
    1.27421265e+02 1.17984406e+02 1.06785446e+02 1.07475037e+02
    9.77958450e+01 9.25508804e+01 8.86854477e+01 8.46415787e+01
    8.23424072e+01 7.69240723e+01 7.60624390e+01 7.49504242e+01
    7.49786911e+01 7.11218719e+01 7.25743332e+01 7.26612015e+01
    6.90083694e+01 7.14902954e+01 7.31225815e+01 7.03534470e+01
    8.05583878e+01 8.31744995e+01 1.00057541e+02 1.00057541e+02
    1.06823265e+02 1.22504623e+02 1.40942123e+02 1.40942123e+02
    1.59097290e+02 1.78922440e+02 1.93970612e+02 2.13993195e+02
    2.22612015e+02 2.30488083e+02 2.50472748e+02 2.89456818e+02
    3.57787323e+02 4.35671661e+02 4.85952942e+02 5.78055359e+02
    6.16825806e+02 6.72866699e+02 7.05650879e+02 5.61144958e+02
    5.93428101e+02 4.12408051e+02 4.87572296e+02 4.38432678e+02
    4.17095978e+02 3.32713440e+02 3.13003510e+02 2.51137894e+02
    2.04168427e+02 2.10695969e+02 1.93803299e+02 1.77576004e+02
    1.52145844e+02 1.35826645e+02 1.14577843e+02 1.05184746e+02
    1.01271271e+02 9.17736435e+01 9.17736435e+01 9.09299469e+01
    8.87628784e+01 8.72607346e+01 8.11865540e+01 7.31922913e+01
    7.24659195e+01 7.12929916e+01 6.93973160e+01 7.32723694e+01
    7.49371185e+01 7.59124985e+01 8.09807358e+01 7.89844360e+01
    8.21880951e+01 8.49472504e+01 9.49510193e+01 9.97630081e+01
    1.02343887e+02 1.05283875e+02 1.10228783e+02 1.16895447e+02
    2.94138458e+02 1.51081406e+02 1.71573517e+02 1.71573517e+02
    2.02629395e+02 2.17893875e+02 2.42460495e+02 2.60051880e+02
    2.77304352e+02 2.96717163e+02 3.14296692e+02 3.24582672e+02
    3.25420593e+02 3.15518005e+02 2.99768280e+02 2.80488281e+02
    2.58428802e+02 2.40121628e+02 2.22047470e+02 1.99719635e+02
    1.81659698e+02 1.58987549e+02 1.46553726e+02 1.37138290e+02
    1.24132378e+02 1.19621780e+02 1.11763390e+02 1.06922531e+02
    1.06574593e+02 1.01364845e+02 1.01187126e+02 1.00388863e+02
    9.44566574e+01 1.01811897e+02 8.89509583e+01 8.72355957e+01
    9.06948318e+01 1.00562126e+02 1.15975845e+02 1.18619370e+02
    1.23798683e+02 1.53422028e+02 1.68910568e+02 1.77374588e+02
    1.91725098e+02 1.79834076e+02 2.04050751e+02 2.16794113e+02
    2.12432327e+02 2.42972443e+02 2.52724045e+02 2.85380280e+02
    2.81746521e+02 2.98876190e+02 3.26567017e+02 2.08421265e+02
    2.28840164e+02 2.30539108e+02 2.10616074e+02 1.98737305e+02
    1.77221542e+02 1.77223587e+02 1.78411057e+02 1.78262772e+02
    1.79422729e+02 1.80927399e+02 1.70913757e+02 1.62895920e+02
    1.50530807e+02 1.31948654e+02 1.13496292e+02 1.05526619e+02
    9.67710037e+01 8.87964478e+01 7.50107803e+01 7.13853302e+01
    6.34471207e+01 7.44549713e+01 7.36317444e+01 6.32791939e+01
    6.77790375e+01 6.81417160e+01 6.16788216e+01 6.92930908e+01
    6.00853081e+01 5.85787926e+01 5.70810661e+01 5.31382256e+01
    5.16919136e+01 5.39443130e+01 5.54080696e+01 5.90560799e+01
    5.55736961e+01 5.62116165e+01 6.49882431e+01 6.35687790e+01
    6.38029289e+01 6.68536148e+01 6.58771133e+01 6.15910416e+01
    6.27490158e+01 6.54526901e+01 7.03086853e+01 6.59968414e+01
    7.19406128e+01 7.27751617e+01 7.87632523e+01 8.21134109e+01
    8.72880249e+01 9.00116119e+01 8.58769531e+01 8.27113266e+01
    7.89889221e+01 8.88380737e+01 9.05492325e+01 1.00216034e+02
    1.02703789e+02 1.16254433e+02 1.16079445e+02 1.30584702e+02
    1.46707718e+02 1.54486664e+02 1.88256927e+02 2.08317215e+02
    2.20734406e+02 2.31628906e+02 2.22809921e+02 2.56406921e+02
    2.80309540e+02 2.54690125e+02 2.16927811e+02 2.45661209e+02
    2.42245926e+02 1.76551056e+02 1.55258224e+02 1.33206207e+02
    1.04282112e+02 9.52530136e+01 8.23448029e+01 7.08192062e+01
    4.87261124e+01 4.87261124e+01 4.28199234e+01 4.32391357e+01
    4.17160034e+01 4.22673912e+01 4.08837929e+01 4.08478012e+01
    4.36179199e+01 4.46785049e+01 4.50201759e+01 4.80041008e+01
    4.97536621e+01 5.06603508e+01 4.94030418e+01 4.91279869e+01
    5.39977303e+01 5.48336220e+01 5.23823090e+01 5.94424553e+01
    6.66354370e+01 6.79637833e+01 7.16726074e+01 7.80290070e+01
    8.00689926e+01 8.52617874e+01 1.01442970e+02 1.09645767e+02
    1.16592354e+02 1.21120049e+02 1.32530380e+02 1.43816101e+02
    1.60058014e+02 1.73642029e+02 1.85768478e+02 1.96504959e+02
    2.11318832e+02 2.21858017e+02 2.34773819e+02 2.44129349e+02
    2.50188095e+02 2.52078842e+02 2.51816040e+02 2.54491898e+02
    2.59966034e+02 2.63608185e+02 2.84194641e+02 3.08497406e+02
    3.09093872e+02 3.12446686e+02 3.18210388e+02 3.26055237e+02
    3.35419708e+02 3.42493744e+02 3.45209381e+02 3.46141571e+02
    3.36197998e+02 3.33366852e+02 3.22188171e+02 3.12914917e+02
    3.01456696e+02 2.92993683e+02 2.85999664e+02 2.50874161e+02
    2.30384323e+02 2.07204834e+02 1.97520386e+02 1.80374527e+02
    1.68561554e+02 1.58890533e+02 1.44552887e+02 1.32072021e+02
    1.24540283e+02 1.16869476e+02 1.11927422e+02 1.04532913e+02
    1.02103317e+02 8.98629150e+01 9.55554352e+01 1.04259216e+02
    9.72684402e+01 1.01897842e+02 1.01134903e+02 1.02312508e+02
    1.00350693e+02 1.06583847e+02 9.00818710e+01 1.01339516e+02
    9.27633286e+01 8.90000229e+01 8.21157303e+01 7.47360992e+01
    6.66732941e+01 6.42932205e+01 6.31040993e+01 6.07283783e+01
    5.66206970e+01 5.84475288e+01 6.18236427e+01 5.75701981e+01
    5.90257568e+01 5.97466965e+01 6.16462288e+01 5.99613075e+01
    6.18137627e+01 5.26495285e+01 5.51128044e+01 4.83231468e+01
    4.95182800e+01 4.76703224e+01 5.10912857e+01 5.44874725e+01
    5.49152756e+01 6.09173241e+01 5.85076141e+01 5.93113098e+01
    5.82712669e+01 6.61364517e+01 5.84584351e+01 6.03196068e+01
    6.21235619e+01 6.36158066e+01 7.10026245e+01 6.92873993e+01
    4.70644531e+02 6.42198364e+02 6.69586121e+02 6.67620850e+02
    6.21612610e+02 4.03920532e+02 4.71267853e+02 3.91229553e+02
    3.38309937e+02 2.98237732e+02 2.70203278e+02 2.50343811e+02
    2.36085205e+02 2.10632553e+02 2.00596573e+02 1.78609543e+02
    1.59929459e+02 1.53287628e+02 1.41679718e+02 1.32026505e+02
    1.27426552e+02 1.26332199e+02 1.23944809e+02 1.24006386e+02
    1.31833099e+02 1.40567703e+02 1.47973221e+02 1.62071472e+02
    1.75324600e+02 1.96391434e+02 2.11151962e+02 2.24180496e+02
    2.33149643e+02 2.43646866e+02 2.62044434e+02 2.98345795e+02
    3.51524414e+02 4.18409271e+02 5.04621643e+02 5.88525635e+02
    6.46316467e+02 6.51363037e+02 6.08638184e+02 4.84322296e+02
    4.84322296e+02 4.16350586e+02 3.55354980e+02 2.89110596e+02
    2.59316681e+02 2.46868515e+02 2.15600235e+02 1.83338867e+02
    1.54465790e+02 9.85458374e+01 8.84281693e+01 7.55380478e+01
    6.95688705e+01 6.29770546e+01 6.33403625e+01 6.90433121e+01
    6.42752838e+01 6.27543411e+01 6.84670181e+01 6.65747833e+01
    7.07395401e+01 7.37002869e+01 8.39015427e+01 8.64596710e+01
    9.66932602e+01 1.05748314e+02 1.05748314e+02 1.11313133e+02
    2.24603012e+02 1.16383842e+02 1.31987930e+02 1.31987930e+02
    1.43041275e+02 1.59400208e+02 1.66212082e+02 1.75694397e+02
    1.94706284e+02 2.02044983e+02 2.20738403e+02 2.51800690e+02
