<?xml version="1.0"?>
<opencv_storage>
<groundtruth_buffer type_id="opencv-matrix">
  <rows>3000</rows>
  <cols>1</cols>
  <dt>f</dt>
  <data>
    2.16927099e+00 2.23307300e+00 2.23945332e+00 2.20755219e+00
    2.22669268e+00 2.20117188e+00 2.20117188e+00 2.18841147e+00
    2.22669268e+00 2.18841147e+00 2.16289067e+00 2.13736963e+00
    2.16927099e+00 2.12460947e+00 2.15651035e+00 2.09270811e+00
    2.04804659e+00 2.07356763e+00 2.15013003e+00 2.17565107e+00
    2.19479156e+00 2.16927075e+00 2.16289067e+00 2.07994795e+00
    2.07994795e+00 2.09908867e+00 1.96510434e+00 1.88216150e+00
    1.86302090e+00 1.87578142e+00 1.85026050e+00 1.90768242e+00
    1.92044282e+00 1.90768242e+00 1.91406274e+00 1.97786486e+00
    1.98424506e+00 1.95872426e+00 1.94596362e+00 1.94596362e+00
    1.93958342e+00 1.97786462e+00 1.99062502e+00 2.00976562e+00
    1.98424470e+00 2.03528643e+00 2.09908843e+00 2.15651035e+00
    2.17565107e+00 2.25221348e+00 2.31601572e+00 2.43723965e+00
    2.51380205e+00 2.51380205e+00 2.52018237e+00 2.47552085e+00
    2.41809893e+00 2.43723965e+00 2.44361997e+00 2.39895844e+00
    2.34153652e+00 2.30963564e+00 2.36067724e+00 2.31601572e+00
    2.37343740e+00 2.43085933e+00 2.48828125e+00 2.45638013e+00
    2.53294253e+00 2.50742173e+00 2.48828101e+00 2.47552061e+00
    2.45638013e+00 2.39895821e+00 2.32239580e+00 2.22669268e+00
    2.09908843e+00 1.77369785e+00 1.53124988e+00 1.27604163e+00
    1.02721345e+00 8.23046803e-01 1.29518223e+00 8.93417931e+00
    1.66356125e+01 2.35371742e+01 2.45043621e+01 2.50811863e+01
    2.55507164e+01 2.61317711e+01 2.67444668e+01 2.71373081e+01
    2.08725281e+01 1.52634125e+01 1.10658216e+01 1.32306004e+01
    1.61566410e+01 1.92914715e+01 2.21128902e+01 2.48085938e+01
    2.70576172e+01 2.89057961e+01 3.03166008e+01 3.13307304e+01
    3.19724617e+01 3.20475883e+01 3.21587219e+01 3.24184189e+01
    3.28458290e+01 3.30912704e+01 3.32104111e+01 3.30946579e+01
    3.31001244e+01 3.32462845e+01 3.36401024e+01 3.37959633e+01
    3.39634132e+01 3.42399750e+01 3.45789719e+01 3.49412155e+01
    3.51568375e+01 3.49779968e+01 3.43957710e+01 3.36821632e+01
    3.29860687e+01 3.22114601e+01 3.09038429e+01 2.92149754e+01
    2.77695961e+01 2.64306602e+01 2.53351536e+01 2.47031231e+01
    2.41492195e+01 2.36726551e+01 2.30374336e+01 2.26248684e+01
    2.26850243e+01 2.22628231e+01 2.20533180e+01 2.19624977e+01
    2.22665977e+01 2.24971333e+01 2.23448524e+01 2.23137321e+01
    2.23249321e+01 2.22742805e+01 2.28098259e+01 2.30537071e+01
    2.29175758e+01 2.21018867e+01 2.11455040e+01 2.04151669e+01
    1.97902966e+01 1.92352180e+01 1.87242165e+01 1.79062481e+01
    1.71978493e+01 1.66394520e+01 1.62711563e+01 1.62399712e+01
    1.62606754e+01 1.63854160e+01 1.63751278e+01 1.65354805e+01
    1.66883450e+01 1.67402325e+01 1.67824860e+01 1.67854805e+01
    1.66347656e+01 1.66356106e+01 1.66664696e+01 1.69432278e+01
    1.69193993e+01 1.69020176e+01 1.68550758e+01 1.68735008e+01
    1.69417934e+01 1.69317017e+01 1.69321575e+01 1.67562447e+01
    1.66309853e+01 1.66998653e+01 1.67516880e+01 1.70930290e+01
    1.72951145e+01 1.73684216e+01 1.75506477e+01 1.77945290e+01
    1.80241508e+01 1.81441383e+01 1.82396450e+01 1.83155575e+01
    1.81728477e+01 1.81890602e+01 1.82037086e+01 1.82642555e+01
    1.82362614e+01 1.82240868e+01 1.82897110e+01 1.82816372e+01
    1.82475872e+01 1.82634087e+01 1.81939411e+01 1.81764927e+01
    1.81068306e+01 1.79680939e+01 1.80087185e+01 1.78897743e+01
    1.79220009e+01 1.80419884e+01 1.81375618e+01 1.82287712e+01
    1.83708305e+01 1.85218716e+01 1.86777306e+01 1.85885391e+01
    1.85507145e+01 1.83753242e+01 1.81565742e+01 1.79243469e+01
    1.76947899e+01 1.74520836e+01 1.71669903e+01 1.69884090e+01
    1.69494762e+01 1.68378868e+01 1.68943977e+01 1.69662743e+01
    1.70533829e+01 1.71492157e+01 1.72785759e+01 1.75087852e+01
    1.75773411e+01 1.77285786e+01 1.79848938e+01 1.79546204e+01
    1.80269508e+01 1.80641251e+01 1.80255833e+01 1.79735661e+01
    1.78491516e+01 1.77714176e+01 1.77414684e+01 1.77848282e+01
    1.78768196e+01 1.79214821e+01 1.80624981e+01 1.81257153e+01
    1.82331371e+01 1.83896465e+01 1.86298180e+01 1.87119141e+01
    1.86453781e+01 1.87362633e+01 1.86923828e+01 1.86351566e+01
    1.86440754e+01 1.87286453e+01 1.86632805e+01 1.86295567e+01
    1.86413383e+01 1.86519508e+01 1.86546841e+01 1.87447243e+01
    1.87646446e+01 1.87680321e+01 1.87667942e+01 1.88120403e+01
    1.87939415e+01 1.88000622e+01 1.88546200e+01 1.88720036e+01
    1.87261047e+01 1.86816368e+01 1.87401657e+01 1.86458950e+01
    1.87363911e+01 1.86302700e+01 1.86307259e+01 1.85135384e+01
    1.84303360e+01 1.85722637e+01 1.85691395e+01 1.85491524e+01
    1.86720676e+01 1.86665993e+01 1.88254528e+01 1.88096333e+01
    1.89343719e+01 1.89550095e+01 1.89365845e+01 1.90051384e+01
    1.91021461e+01 1.90157528e+01 1.89645805e+01 1.90063133e+01
    1.91152306e+01 1.91149712e+01 1.91331367e+01 1.90562477e+01
    1.90997391e+01 1.90638008e+01 1.91574860e+01 1.93292961e+01
    1.93026028e+01 1.93632164e+01 1.94093742e+01 1.96643867e+01
    1.99427700e+01 2.01187477e+01 2.02084599e+01 2.03498001e+01
    2.03924446e+01 2.04352837e+01 2.03827438e+01 2.04462852e+01
    2.04030571e+01 2.02925758e+01 2.00439434e+01 2.00783195e+01
    2.00748024e+01 1.99739571e+01 1.98501930e+01 1.95820274e+01
    1.92874966e+01 1.90934200e+01 1.92055302e+01 1.93716087e+01
    1.94234982e+01 1.94435520e+01 1.97609997e+01 2.02410145e+01
    2.08095036e+01 2.14846992e+01 2.18496742e+01 2.19458961e+01
    2.17111320e+01 2.14618473e+01 2.10654926e+01 2.06709614e+01
    2.02125626e+01 1.97351532e+01 1.92737598e+01 1.90297489e+01
    1.88769493e+01 1.91721992e+01 1.93732414e+01 1.97764950e+01
    1.98841782e+01 2.00529289e+01 2.03010406e+01 2.03067055e+01
    2.04899082e+01 2.04288387e+01 2.03061829e+01 2.02351532e+01
    1.99555969e+01 1.98156872e+01 1.97910118e+01 1.97419891e+01
    1.97962227e+01 1.96495419e+01 1.97831364e+01 1.96824188e+01
    1.97520809e+01 1.96167297e+01 1.95130196e+01 1.92852840e+01
    1.90014954e+01 1.90582008e+01 1.89309216e+01 1.88618469e+01
    1.92808571e+01 1.94061165e+01 2.00238247e+01 2.06461563e+01
    2.10709610e+01 2.17209606e+01 2.21339169e+01 2.27505836e+01
    2.33816376e+01 2.40212860e+01 2.47337208e+01 2.54489555e+01
    2.58473301e+01 2.65755196e+01 2.73285122e+01 2.79179020e+01
    2.85193977e+01 2.90629520e+01 2.93137321e+01 2.96085262e+01
    2.95193329e+01 2.94974575e+01 2.92394505e+01 2.87486305e+01
    2.84467411e+01 2.81350899e+01 2.76457672e+01 2.73508453e+01
    2.70210266e+01 2.69540348e+01 2.70360012e+01 2.70244141e+01
    2.69644527e+01 2.70757809e+01 2.70925102e+01 2.76695919e+01
    2.77412720e+01 2.83466091e+01 2.95803337e+01 2.96587830e+01
    2.98287697e+01 2.98690033e+01 2.98911381e+01 3.01921139e+01
    3.00715427e+01 3.12645111e+01 3.07908783e+01 3.08374939e+01
    3.20313759e+01 3.33030548e+01 3.45271454e+01 3.48147774e+01
    3.49281235e+01 3.50662117e+01 3.42601547e+01 3.45786476e+01
    3.31779289e+01 3.12662754e+01 2.96307945e+01 2.80993500e+01
    2.70842476e+01 2.59335938e+01 2.47076817e+01 2.34922523e+01
    2.23009758e+01 2.16128902e+01 2.15094395e+01 2.11574211e+01
    2.09311199e+01 2.08205090e+01 2.08090496e+01 2.08687496e+01
    2.08708324e+01 2.08320312e+01 2.09075508e+01 2.08697262e+01
    2.08356762e+01 2.10468750e+01 2.11048164e+01 2.10527992e+01
    2.08988934e+01 2.09126968e+01 2.09563179e+01 2.09261742e+01
    2.08349648e+01 2.07604847e+01 2.04791679e+01 2.04759789e+01
    2.05111980e+01 2.05597649e+01 2.05904942e+01 2.03964176e+01
    1.99654274e+01 1.96753883e+01 1.91968727e+01 1.91691380e+01
    1.89282532e+01 1.88996086e+01 1.87194653e+01 1.83712883e+01
    1.82780609e+01 1.83615913e+01 1.84111996e+01 1.86260433e+01
    1.84162121e+01 1.83479176e+01 1.81393890e+01 1.81785812e+01
    1.82095070e+01 1.82735023e+01 1.83236332e+01 1.83360672e+01
    1.84033203e+01 1.83330727e+01 1.82824230e+01 1.82757835e+01
